1
    49  5.71843821671731600E+00  5.71843821671731600E+00  1.00000000000000000E+00
        0.00000000000000000E+00  0.00000000000000000E+00  0.00000000000000000E+00
  5.20046287948626729E-01  5.46017103102922530E+00  4.54501187875341284E+00
  3.03873993631183392E-01  5.11269217973143952E+00  3.05930402139263702E+00
  4.19830699308021527E-01  7.83486286663634957E-02  2.83013850114557064E+00
  3.86843475895407518E-01  8.79033119356608106E-01  2.75760108242282875E+00
  4.85277651035462332E-01  4.23465590166067152E+00  7.88192317382699015E-01
  5.09344398601035198E-01  3.20925971154627732E-01  4.93527446377042267E-01
  4.59594913921300530E-01  1.45239386203647847E+00  2.14156085318479850E+00
  3.15123140579539662E-01  1.07512533782645114E+00  1.69129110145673778E-01
  4.89844197187210673E-01  3.70253365853962224E+00  2.59736518456706866E+00
  5.31615470785720023E-01  1.73727045788311885E+00  3.08660351108634989E+00
  2.88611769991816314E-01  3.15968112086029640E+00  4.17190383624692007E+00
  4.47475154528312213E-01  3.34205342434385022E+00  3.46033882577148688E+00
  4.99320016236592945E-01  2.46429961372979145E+00  3.81162446038692337E+00
  4.39536840394549433E-01  9.02586492830661613E-01  3.57906146657186852E+00
  3.91193700821028278E-01  8.38478087157346480E-02  3.70080886648622132E+00
  2.61714707402908475E-01  4.63760849057413527E+00  2.75660935485245551E+00
  3.73093474755522014E-01  4.58965449796712655E+00  4.34694530309409632E+00
  4.80809352357433939E-01  5.86549078525566259E-01  5.26016758928695527E+00
  4.63716653740985807E-01  2.44077135849885218E+00  4.79201096095112433E+00
  3.82389590076227859E-01  5.03252847128919978E+00  3.73890964615757015E+00
  4.72125438730357949E-01  4.25744841447373012E+00  3.38221624477118965E+00
  5.25698510086548443E-01  9.96231381546932915E-01  1.27276751728281190E+00
  3.95456078881935680E-01  3.02352314390178956E+00  1.38353119113703227E+00
  3.39573254068167352E-01  4.43693085952419697E+00  2.19287563468979796E+00
  4.31657393346768892E-01  5.67991890102646035E+00  1.36249922045164951E+00
  5.14601645209053493E-01  1.56077339788827407E+00  4.26535887054898932E+00
  4.03769922899484768E-01  6.49846961154895153E-01  4.38053417585326166E+00
  3.52097530359280431E-01  3.41349114825855349E+00  6.43295902716782386E-01
  3.99644217137000435E-01  3.84470896731851708E+00  4.14809767034083254E+00
  4.27722430801810549E-01  4.59870422562908054E-01  2.06086297758931858E+00
  5.04256127157716838E-01  2.12975741869906043E+00  1.46378285949430631E+00
  3.63113014330952943E-01  2.25423054940883949E+00  2.32917254324103151E+00
  3.24398322089623270E-01  2.19781603313243412E+00  5.70964808145166369E+00
  3.77813528709111002E-01  2.79077281914551145E+00  2.84293408071742171E+00
  4.94520713715948246E-01  3.82092414604647068E+00  5.62040568889524650E+00
  4.35593091641452157E-01  5.42112008607027640E+00  5.49979318479735380E+00
  4.11866930143960586E-01  2.91701890368982575E+00  5.55705203902038036E+00
  3.68203571445767597E-01  4.74455312971976184E+00  5.06978972228174563E+00
  4.51480705129774618E-01  2.61368886546690238E+00  6.43929390104204358E-01
  4.23782255058301971E-01  5.13531322684046909E+00  7.03938522019445401E-01
  3.57763158026203731E-01  4.67690716439596965E+00  7.21271350404036199E-02
  4.76428564711833868E-01  1.54324931069950866E+00  5.25261455648813858E+00
  3.46069468232182209E-01  2.98697587638557094E+00  2.14461969401997621E+00
  4.07840088401265011E-01  5.17888095415215854E+00  2.28053296868364352E+00
  4.55518508171409764E-01  1.71022476594505579E+00  6.01248813852148789E-01
  4.15861254855514229E-01  3.33934458094984166E+00  4.84907978364222725E+00
  4.43495808353686793E-01  4.81786240629685647E+00  1.51009381484784377E+00
  3.32415077939048842E-01  4.08540375724896343E+00  4.83834072030135509E+00
  4.67890918638375786E-01  3.84065642846507238E+00  1.65221730502619213E+00
