
Program OVAL:  version           oval-0.7.296.f

c Matthew R. Kuhn 2001, Licensed under the GPL, version 2

The program was compiled with the following parameters (among others):
   1) 2D or 3D problems. (mdim1=3)
   2) Circular, spherical, elliptical, oval, nobby, bumpy, 
      and ovoid particles. (mpiece=4*mp)
   3) A maximum of   10648 particles. (mp)
Errors will occur if your input data is otherwise (but you can always make
changes to the common-0.7.296 file and recompile).
  
  Name of the RunFile:
  Name of the StartFile:
  
  Warning: Input value of rho was 0. A mass will be automatically assigned.
  Warning: Input value of dt .le. 0. A time step will be automatically assigned.

  Your time step is:                1.00000E+00
  The maximum advised time step is: 1.25000E+00
  The reference particle mass is:   1.25000E+01

  Particle shape =   Circular, 2D particles

  Number of particles     =      49
  Initial void ratio      =  0.175837
  Initial solids fraction =  0.850458
  Initial porosity        =  0.149542
  Volume of the cell      =  3.270054E+01

  Linear contact model:
  Normal (indentation) stiffness    =  2.0000E+00
  Normal contact stiffness          =  1.0000E+00
  Ratio tangential/normal stiffness =  1.0000E+00
  Contact friction coefficient      =  5.0000E-01

  Initial number of contacts       =      92
  Average ratio of ovrlap/diameter =  2.469E-03

Some diagnostic information during this simulation:
 iout     timer  istep nupd   ipt2  xloops   chi1      chi2       psi    sweep
    0 0.0000E+00    1     1     182   1.0  0.00E+00  0.00E+00  0.00E+00  0.00
    1 1.0000E+01    1     1     182   1.0  8.71E-03  3.92E-03  0.00E+00  0.00
    2 2.0000E+01    1     1     182   1.0  7.73E-03  4.67E-03  0.00E+00  0.00
    3 3.0000E+01    1     1     182   1.0  6.77E-03  4.53E-03  0.00E+00  0.00
    4 4.0000E+01    1     1     182   1.0  6.18E-03  4.62E-03  0.00E+00  0.00
    5 5.0000E+01    1     1     182   1.0  5.42E-03  3.48E-03  0.00E+00  0.00
    6 6.0000E+01    1     1     182   1.0  4.81E-03  3.55E-03  0.00E+00  0.00
    7 7.0000E+01    1     1     182   1.0  4.35E-03  3.06E-03  0.00E+00  0.00
    8 8.0000E+01    1     1     182   1.0  3.72E-03  2.71E-03  0.00E+00  0.00
    9 9.0000E+01    1     1     182   1.0  3.46E-03  2.60E-03  0.00E+00  0.00
   10 1.0000E+02    2     1     182   1.0  3.00E-03  2.31E-03  0.00E+00  0.00
   11 1.1000E+02    2     1     182   1.0  2.91E-03  3.25E-03  1.05E-04  0.00
   12 1.2000E+02    2     1     182   1.0  2.61E-03  4.24E-03  2.47E-04  0.00
   13 1.3000E+02    2     1     182   1.0  2.24E-03  3.57E-03  6.41E-06  0.00
   14 1.4000E+02    2     1     182   1.0  2.00E-03  3.22E-03  4.98E-06  0.00
   15 1.5000E+02    2     1     182   1.0  1.79E-03  2.93E-03  6.26E-06  0.00
   16 1.6000E+02    2     1     182   1.0  1.64E-03  3.10E-03  1.56E-06  0.00
   17 1.7000E+02    2     1     182   1.0  1.40E-03  2.93E-03  5.13E-06  0.00
   18 1.8000E+02    2     1     182   1.0  1.26E-03  2.19E-03  2.95E-06  0.00
   19 1.9000E+02    2     1     182   1.0  1.15E-03  1.85E-03  1.59E-06  0.00
   20 2.0000E+02    2     2     182   1.0  9.60E-04  1.94E-03  2.38E-07  0.00
   21 2.1000E+02    2     2     182   1.0  8.86E-04  2.17E-03  7.51E-07  0.00
   22 2.2000E+02    2     2     182   1.0  7.85E-04  1.90E-03  3.54E-06  0.00
   23 2.3000E+02    2     2     182   1.0  7.07E-04  1.58E-03  4.21E-06  0.00
   24 2.4000E+02    2     2     182   1.0  6.59E-04  1.17E-03  1.40E-06  0.00
   25 2.5000E+02    2     2     182   1.0  5.53E-04  1.31E-03  1.23E-06  0.00
   26 2.6000E+02    2     2     182   1.0  4.94E-04  1.20E-03  4.88E-06  0.00
   27 2.7000E+02    2     2     182   1.0  4.44E-04  1.05E-03  1.09E-06  0.00
   28 2.8000E+02    2     2     182   1.0  8.30E-04  1.21E-03  5.57E-07  0.00
   29 2.9000E+02    2     2     182   1.0  6.06E-04  1.25E-03  2.64E-06  0.00
   30 3.0000E+02    2     2     182   1.0  5.20E-04  1.30E-03  2.31E-07  0.00
   31 3.1000E+02    2     2     182   1.0  4.64E-04  1.13E-03  9.22E-06  0.00
   32 3.2000E+02    2     2     182   1.0  5.83E-04  1.74E-03  1.26E-05  0.00
   33 3.3000E+02    2     2     182   1.0  5.97E-04  2.56E-03  1.89E-05  0.00
   34 3.4000E+02    2     2     182   1.0  6.79E-04  2.90E-03  1.09E-05  0.00
   35 3.5000E+02    2     2     182   1.0  6.01E-04  2.81E-03  6.99E-06  0.00
   36 3.6000E+02    2     2     182   1.0  4.84E-04  2.22E-03  3.99E-06  0.00
   37 3.7000E+02    2     2     182   1.0  4.22E-04  1.98E-03  2.95E-06  0.00
   38 3.8000E+02    2     2     182   1.0  3.33E-04  1.45E-03  1.69E-07  0.00
   39 3.9000E+02    2     2     182   1.0  3.49E-04  1.27E-03  1.32E-05  0.00
   40 4.0000E+02    2     3     183   1.0  4.25E-04  1.30E-03  1.35E-05  0.00
   41 4.1000E+02    2     3     183   1.0  4.83E-04  1.64E-03  2.07E-06  0.00
   42 4.2000E+02    2     3     183   1.0  4.47E-04  1.74E-03  2.06E-07  0.00
   43 4.3000E+02    2     3     183   1.0  3.43E-04  1.71E-03  4.87E-06  0.00
   44 4.4000E+02    2     3     183   1.0  3.27E-04  1.86E-03  1.09E-06  0.00
   45 4.5000E+02    2     3     183   1.0  3.40E-04  1.96E-03  1.39E-06  0.00
   46 4.6000E+02    2     3     183   1.0  3.41E-04  1.73E-03  1.28E-07  0.00
   47 4.7000E+02    2     3     183   1.0  3.44E-04  1.66E-03  1.11E-06  0.00
   48 4.8000E+02    2     3     183   1.0  3.75E-04  1.58E-03  2.69E-06  0.00
   49 4.9000E+02    2     3     183   1.0  4.04E-04  1.70E-03  1.91E-06  0.00
   50 5.0000E+02    2     3     183   1.0  3.89E-04  1.70E-03  3.86E-07  0.00
   51 5.1000E+02    2     3     183   1.0  3.23E-04  1.54E-03  2.51E-05  0.00
   52 5.2000E+02    2     3     183   1.0  2.97E-04  1.45E-03  1.46E-06  0.00
   53 5.3000E+02    2     3     183   1.0  2.83E-04  1.43E-03  7.79E-06  0.00
   54 5.4000E+02    2     3     183   1.0  2.92E-04  1.49E-03  4.49E-06  0.00
   55 5.5000E+02    2     3     183   1.0  3.59E-04  1.33E-03  5.72E-07  0.00
   56 5.6000E+02    2     3     183   1.0  3.17E-04  1.24E-03  1.73E-06  0.00
   57 5.7000E+02    2     3     183   1.0  3.25E-04  1.33E-03  1.68E-06  0.00
   58 5.8000E+02    2     3     183   1.0  3.33E-04  1.44E-03  4.80E-06  0.00
   59 5.9000E+02    2     3     183   1.0  2.94E-04  1.44E-03  8.09E-06  0.00
   60 6.0000E+02    2     4     184   1.0  2.89E-04  1.29E-03  2.80E-05  0.00
   61 6.1000E+02    2     4     184   1.0  3.04E-04  1.15E-03  5.59E-07  0.00
   62 6.2000E+02    2     4     184   1.0  2.84E-04  1.20E-03  2.99E-06  0.00
   63 6.3000E+02    2     4     184   1.0  2.68E-04  1.14E-03  3.04E-06  0.00
   64 6.4000E+02    2     4     184   1.0  2.28E-04  1.12E-03  1.90E-06  0.00
   65 6.5000E+02    2     4     184   1.0  2.48E-04  1.24E-03  2.66E-06  0.00
   66 6.6000E+02    2     4     184   1.0  2.82E-04  1.31E-03  4.79E-06  0.00
   67 6.7000E+02    2     4     184   1.0  2.61E-04  1.28E-03  5.14E-06  0.00
   68 6.8000E+02    2     4     184   1.0  2.85E-04  1.21E-03  3.50E-06  0.00
   69 6.9000E+02    2     4     184   1.0  2.83E-04  1.24E-03  2.27E-06  0.00
   70 7.0000E+02    2     4     184   1.0  2.63E-04  1.11E-03  2.16E-07  0.00
   71 7.1000E+02    2     4     184   1.0  2.46E-04  1.05E-03  1.01E-06  0.00
   72 7.2000E+02    2     4     184   1.0  2.44E-04  1.04E-03  9.55E-07  0.00
   73 7.3000E+02    2     4     184   1.0  2.44E-04  1.04E-03  1.70E-06  0.00
   74 7.4000E+02    2     4     184   1.0  2.34E-04  1.03E-03  1.32E-06  0.00
   75 7.5000E+02    2     4     184   1.0  2.43E-04  1.00E-03  1.41E-07  0.00
   76 7.6000E+02    2     4     184   1.0  2.58E-04  1.03E-03  1.05E-06  0.00
   77 7.7000E+02    2     4     184   1.0  2.32E-04  1.04E-03  8.54E-07  0.00
   78 7.8000E+02    2     4     184   1.0  2.20E-04  1.14E-03  1.77E-05  0.00
   79 7.9000E+02    2     4     184   1.0  2.25E-04  1.29E-03  2.98E-06  0.00
   80 8.0000E+02    2     5     184   1.0  3.30E-04  1.42E-03  4.88E-07  0.00
   81 8.1000E+02    2     5     184   1.0  4.50E-04  1.48E-03  1.18E-06  0.00
   82 8.2000E+02    2     5     184   1.0  3.61E-04  1.47E-03  7.79E-06  0.00
   83 8.3000E+02    2     5     184   1.0  3.20E-04  1.48E-03  8.39E-06  0.00
   84 8.4000E+02    2     5     184   1.0  3.69E-04  1.39E-03  4.47E-06  0.00
   85 8.5000E+02    2     5     184   1.0  3.43E-04  1.48E-03  2.58E-06  0.00
   86 8.6000E+02    2     5     184   1.0  3.28E-04  1.58E-03  1.06E-06  0.00
   87 8.7000E+02    2     5     184   1.0  3.15E-04  1.66E-03  2.69E-06  0.00
   88 8.8000E+02    2     5     184   1.0  3.52E-04  1.65E-03  6.22E-07  0.00
   89 8.9000E+02    2     5     184   1.0  3.71E-04  1.61E-03  4.59E-08  0.00
   90 9.0000E+02    2     5     184   1.0  3.36E-04  1.48E-03  4.53E-06  0.00
   91 9.1000E+02    2     5     184   1.0  3.30E-04  1.38E-03  2.76E-06  0.00
   92 9.2000E+02    2     5     184   1.0  3.22E-04  1.41E-03  2.38E-06  0.00
   93 9.3000E+02    2     5     184   1.0  3.16E-04  1.51E-03  1.21E-05  0.00
   94 9.4000E+02    2     5     184   1.0  3.00E-04  1.69E-03  8.95E-07  0.00
   95 9.5000E+02    2     5     184   1.0  3.77E-04  1.88E-03  2.49E-05  0.00
   96 9.6000E+02    2     5     184   1.0  5.54E-04  2.14E-03  2.77E-06  0.00
   97 9.7000E+02    2     5     184   1.0  5.71E-04  2.42E-03  3.43E-05  0.00
   98 9.8000E+02    2     5     184   1.0  6.02E-04  2.58E-03  2.49E-06  0.00
   99 9.9000E+02    2     5     184   1.0  5.47E-04  2.46E-03  3.45E-07  0.00
  100 1.0000E+03    2     6     184   1.0  4.88E-04  2.41E-03  3.93E-07  0.00
  101 1.0100E+03    2     6     184   1.0  4.46E-04  2.25E-03  1.67E-05  0.00
  102 1.0200E+03    2     6     184   1.0  4.27E-04  2.00E-03  3.41E-06  0.00
  103 1.0300E+03    2     6     184   1.0  4.13E-04  1.84E-03  3.82E-06  0.00
  104 1.0400E+03    2     6     184   1.0  3.41E-04  1.79E-03  6.25E-06  0.00
  105 1.0500E+03    2     6     184   1.0  3.32E-04  1.66E-03  9.43E-07  0.00
  106 1.0600E+03    2     6     184   1.0  3.39E-04  1.55E-03  2.11E-06  0.00
  107 1.0700E+03    2     6     184   1.0  3.39E-04  1.52E-03  7.55E-06  0.00
  108 1.0800E+03    2     6     184   1.0  3.41E-04  1.57E-03  2.06E-06  0.00
  109 1.0900E+03    2     6     184   1.0  3.64E-04  1.68E-03  1.72E-06  0.00
  110 1.1000E+03    2     6     184   1.0  3.91E-04  1.86E-03  1.03E-05  0.00
  111 1.1100E+03    2     6     184   1.0  4.13E-04  1.95E-03  4.79E-06  0.00
  112 1.1200E+03    2     6     184   1.0  4.14E-04  1.96E-03  1.56E-06  0.00
  113 1.1300E+03    2     6     184   1.0  4.20E-04  1.80E-03  4.67E-06  0.00
  114 1.1400E+03    2     6     184   1.0  4.39E-04  1.54E-03  1.37E-06  0.00
  115 1.1500E+03    2     6     184   1.0  3.76E-04  1.36E-03  4.30E-07  0.00
  116 1.1600E+03    2     6     184   1.0  3.05E-04  1.28E-03  7.21E-06  0.00
  117 1.1700E+03    2     6     184   1.0  2.96E-04  1.22E-03  7.92E-07  0.00
  118 1.1800E+03    2     6     184   1.0  3.04E-04  1.25E-03  1.86E-06  0.00
  119 1.1900E+03    2     6     184   1.0  3.14E-04  1.29E-03  9.94E-06  0.00
  120 1.2000E+03    2     7     184   1.0  3.23E-04  1.31E-03  1.54E-06  0.00
  121 1.2100E+03    2     7     184   1.0  3.28E-04  1.36E-03  2.87E-06  0.00
  122 1.2200E+03    2     7     184   1.0  3.14E-04  1.45E-03  1.29E-06  0.00
  123 1.2300E+03    2     7     184   1.0  3.23E-04  1.48E-03  1.45E-06  0.00
  124 1.2400E+03    2     7     184   1.0  3.36E-04  1.40E-03  2.04E-07  0.00
  125 1.2500E+03    2     7     184   1.0  3.53E-04  1.37E-03  1.24E-06  0.00
  126 1.2600E+03    2     7     184   1.0  3.46E-04  1.38E-03  3.76E-06  0.00
  127 1.2700E+03    2     7     184   1.0  3.40E-04  1.37E-03  6.99E-08  0.00
  128 1.2800E+03    2     7     184   1.0  3.85E-04  1.50E-03  2.06E-06  0.00
  129 1.2900E+03    2     7     184   1.0  3.36E-04  2.09E-03  1.48E-06  0.00
  130 1.3000E+03    2     7     184   1.0  3.92E-04  2.40E-03  2.72E-06  0.00
  131 1.3100E+03    2     7     184   1.0  3.59E-04  2.65E-03  2.08E-05  0.00
  132 1.3200E+03    2     7     184   1.0  4.50E-04  2.81E-03  3.77E-06  0.00
  133 1.3300E+03    2     7     184   1.0  4.70E-04  3.04E-03  7.99E-06  0.00
  134 1.3400E+03    2     7     184   1.0  5.04E-04  3.32E-03  4.44E-05  0.00
  135 1.3500E+03    2     7     184   1.0  5.49E-04  3.60E-03  5.00E-06  0.00
  136 1.3600E+03    2     7     184   1.0  7.01E-04  4.00E-03  6.11E-06  0.00
  137 1.3700E+03    2     7     184   1.0  1.39E-03  4.34E-03  4.21E-06  0.00
  138 1.3800E+03    2     7     184   1.0  1.55E-03  4.71E-03  2.88E-05  0.00
  139 1.3900E+03    2     7     184   1.0  1.66E-03  5.36E-03  1.61E-05  0.00
  140 1.4000E+03    2     8     184   1.0  1.57E-03  5.23E-03  3.32E-05  0.00
  141 1.4100E+03    2     8     184   1.0  1.35E-03  5.00E-03  1.93E-05  0.00
  142 1.4200E+03    2     8     184   1.0  1.29E-03  4.47E-03  8.33E-06  0.00
  143 1.4300E+03    2     8     184   1.0  1.11E-03  4.31E-03  8.39E-06  0.00
  144 1.4400E+03    2     8     184   1.0  1.06E-03  4.07E-03  1.13E-05  0.00
  145 1.4500E+03    2     8     184   1.0  1.01E-03  3.88E-03  8.48E-06  0.00
  146 1.4600E+03    2     8     184   1.0  8.94E-04  3.87E-03  1.12E-06  0.00
  147 1.4700E+03    2     8     184   1.0  1.01E-03  3.68E-03  1.89E-04  0.00
  148 1.4800E+03    2     8     184   1.0  9.52E-04  3.56E-03  1.67E-05  0.00
  149 1.4900E+03    2     8     184   1.0  9.42E-04  3.38E-03  3.32E-06  0.00
  150 1.5000E+03    2     8     184   1.0  8.62E-04  3.43E-03  6.30E-06  0.00
  151 1.5100E+03    2     8     184   1.0  8.16E-04  3.38E-03  1.14E-05  0.00
  152 1.5200E+03    2     8     184   1.0  7.64E-04  3.52E-03  4.66E-06  0.00
  153 1.5300E+03    2     8     184   1.0  8.04E-04  3.54E-03  3.44E-06  0.00
  154 1.5400E+03    2     8     184   1.0  7.75E-04  3.72E-03  8.29E-06  0.00
  155 1.5500E+03    2     8     184   1.0  7.84E-04  3.79E-03  1.62E-05  0.00
  156 1.5600E+03    2     8     184   1.0  7.74E-04  3.70E-03  2.81E-06  0.00
  157 1.5700E+03    2     8     184   1.0  7.87E-04  3.65E-03  1.35E-05  0.00
  158 1.5800E+03    2     8     184   1.0  7.04E-04  3.55E-03  6.98E-06  0.00
  159 1.5900E+03    2     8     184   1.0  6.34E-04  3.33E-03  6.23E-07  0.00
  160 1.6000E+03    2     9     184   1.0  6.18E-04  3.12E-03  1.82E-06  0.00
  161 1.6100E+03    2     9     184   1.0  5.74E-04  2.98E-03  9.99E-06  0.00
  162 1.6200E+03    2     9     184   1.0  5.96E-04  2.92E-03  8.22E-07  0.00
  163 1.6300E+03    2     9     184   1.0  5.64E-04  3.03E-03  4.57E-07  0.00
  164 1.6400E+03    2     9     184   1.0  9.04E-04  3.07E-03  2.29E-06  0.00
  165 1.6500E+03    2     9     184   1.0  1.16E-03  3.02E-03  1.23E-05  0.00
  166 1.6600E+03    2     9     184   1.0  8.69E-04  3.21E-03  8.68E-06  0.00
  167 1.6700E+03    2     9     184   1.0  8.73E-04  3.13E-03  2.94E-05  0.00
  168 1.6800E+03    2     9     184   1.0  9.08E-04  2.95E-03  7.32E-06  0.00
  169 1.6900E+03    2     9     184   1.0  8.88E-04  2.95E-03  1.08E-05  0.00
  170 1.7000E+03    2     9     184   1.0  8.08E-04  2.98E-03  1.08E-05  0.00
  171 1.7100E+03    2     9     184   1.0  7.69E-04  2.94E-03  9.05E-07  0.00
  172 1.7200E+03    2     9     184   1.0  7.45E-04  2.85E-03  7.42E-06  0.00
  173 1.7300E+03    2     9     184   1.0  1.40E-03  2.83E-03  5.87E-07  0.00
  174 1.7400E+03    2     9     184   1.0  1.17E-03  2.94E-03  4.68E-06  0.00
  175 1.7500E+03    2     9     184   1.0  1.05E-03  2.95E-03  5.27E-06  0.00
  176 1.7600E+03    2     9     184   1.0  9.52E-04  3.03E-03  2.87E-07  0.00
  177 1.7700E+03    2     9     184   1.0  9.31E-04  3.28E-03  2.27E-06  0.00
  178 1.7800E+03    2     9     184   1.0  1.02E-03  3.57E-03  2.65E-06  0.00
  179 1.7900E+03    2     9     184   1.0  8.80E-04  4.13E-03  4.74E-06  0.00
  180 1.8000E+03    2    10     184   1.0  8.39E-04  4.51E-03  8.93E-06  0.00
  181 1.8100E+03    2    10     184   1.0  8.50E-04  4.89E-03  1.51E-05  0.00
  182 1.8200E+03    2    10     184   1.0  9.88E-04  4.99E-03  3.44E-06  0.00
  183 1.8300E+03    2    10     184   1.0  9.95E-04  5.17E-03  6.55E-06  0.00
  184 1.8400E+03    2    10     184   1.0  1.04E-03  5.13E-03  8.91E-06  0.00
  185 1.8500E+03    2    10     184   1.0  9.34E-04  5.10E-03  1.22E-06  0.00
  186 1.8600E+03    2    10     184   1.0  1.01E-03  4.83E-03  1.71E-06  0.00
  187 1.8700E+03    2    10     184   1.0  9.12E-04  4.75E-03  3.93E-06  0.00
  188 1.8800E+03    2    10     184   1.0  9.59E-04  4.71E-03  6.44E-06  0.00
  189 1.8900E+03    2    10     184   1.0  9.25E-04  4.77E-03  2.89E-06  0.00
  190 1.9000E+03    2    10     184   1.0  9.42E-04  4.89E-03  2.71E-05  0.00
  191 1.9100E+03    2    10     184   1.0  9.99E-04  5.17E-03  5.28E-05  0.00
  192 1.9200E+03    2    10     184   1.0  9.15E-04  5.18E-03  1.00E-06  0.00
  193 1.9300E+03    2    10     184   1.0  9.13E-04  5.02E-03  2.43E-06  0.00
  194 1.9400E+03    2    10     184   1.0  9.64E-04  4.68E-03  2.44E-05  0.00
  195 1.9500E+03    2    10     184   1.0  9.82E-04  4.42E-03  3.33E-06  0.00
  196 1.9600E+03    2    10     184   1.0  9.56E-04  4.33E-03  2.44E-05  0.00
  197 1.9700E+03    2    10     184   1.0  9.65E-04  4.35E-03  1.62E-05  0.00
  198 1.9800E+03    2    10     184   1.0  9.55E-04  4.79E-03  6.95E-06  0.00
  199 1.9900E+03    2    10     184   1.0  1.04E-03  5.03E-03  6.95E-06  0.00
  200 2.0000E+03    2    11     184   1.0  9.27E-04  5.38E-03  1.04E-05  0.00
  201 2.0100E+03    2    11     184   1.0  1.00E-03  5.48E-03  2.83E-06  0.00
  202 2.0200E+03    2    11     184   1.0  9.42E-04  5.60E-03  3.44E-06  0.00
  203 2.0300E+03    2    11     184   1.0  1.10E-03  5.40E-03  4.43E-06  0.00
  204 2.0400E+03    2    11     184   1.0  1.52E-03  5.28E-03  1.05E-05  0.00
  205 2.0500E+03    2    11     184   1.0  1.38E-03  5.67E-03  1.48E-06  0.00
  206 2.0600E+03    2    11     184   1.0  1.36E-03  5.90E-03  3.06E-06  0.00
  207 2.0700E+03    2    11     184   1.0  2.27E-03  6.12E-03  7.52E-06  0.00
  208 2.0800E+03    2    11     184   1.0  2.28E-03  6.07E-03  3.47E-05  0.00
  209 2.0900E+03    2    11     184   1.0  1.88E-03  5.90E-03  1.07E-04  0.00
  210 2.1000E+03    3    11     184   1.0  1.76E-03  5.69E-03  2.05E-06  0.00
  211 2.1100E+03    3    11     184   1.0  1.62E-03  5.46E-03  4.08E-05  0.00
  212 2.1200E+03    3    11     184   1.0  1.52E-03  5.05E-03  4.41E-05  0.00
  213 2.1300E+03    3    11     184   1.0  1.47E-03  4.48E-03  4.35E-06  0.00
  214 2.1400E+03    3    11     184   1.0  1.37E-03  4.27E-03  4.50E-06  0.00
  215 2.1500E+03    3    11     184   1.0  1.21E-03  3.89E-03  6.15E-05  0.00
  216 2.1600E+03    3    11     184   1.0  1.19E-03  3.61E-03  6.49E-06  0.00
  217 2.1700E+03    3    11     184   1.0  1.26E-03  3.33E-03  1.06E-06  0.00
  218 2.1800E+03    3    11     184   1.0  1.24E-03  2.86E-03  1.19E-06  0.00
  219 2.1900E+03    3    11     184   1.0  1.32E-03  2.74E-03  3.32E-05  0.00
  220 2.2000E+03    3    12     184   1.0  1.11E-03  2.36E-03  2.35E-05  0.00
  221 2.2100E+03    3    12     184   1.0  1.02E-03  2.22E-03  2.66E-06  0.00
  222 2.2200E+03    3    12     184   1.0  9.58E-04  2.42E-03  6.30E-05  0.00
  223 2.2300E+03    3    12     184   1.0  9.01E-04  2.28E-03  3.97E-06  0.00
  224 2.2400E+03    3    12     184   1.0  8.14E-04  2.19E-03  3.08E-05  0.00
  225 2.2500E+03    3    12     184   1.0  7.15E-04  2.22E-03  1.82E-05  0.00
  226 2.2600E+03    3    12     184   1.0  6.82E-04  2.10E-03  7.77E-06  0.00
  227 2.2700E+03    3    12     184   1.0  6.99E-04  2.05E-03  1.64E-05  0.00
  228 2.2800E+03    3    12     184   1.0  6.27E-04  2.04E-03  1.29E-07  0.00
  229 2.2900E+03    3    12     184   1.0  6.22E-04  2.04E-03  1.36E-05  0.00
  230 2.3000E+03    3    12     184   1.0  5.75E-04  2.04E-03  6.68E-06  0.00
  231 2.3100E+03    3    12     184   1.0  6.09E-04  1.84E-03  1.03E-06  0.00
  232 2.3200E+03    3    12     184   1.0  5.43E-04  1.89E-03  4.16E-06  0.00
  233 2.3300E+03    3    12     184   1.0  5.50E-04  2.05E-03  2.77E-08  0.00
  234 2.3400E+03    3    12     184   1.0  5.54E-04  2.06E-03  8.62E-06  0.00
  235 2.3500E+03    3    12     184   1.0  6.11E-04  2.03E-03  3.41E-06  0.00
  236 2.3600E+03    3    12     184   1.0  5.81E-04  2.04E-03  1.52E-06  0.00
  237 2.3700E+03    3    12     184   1.0  5.77E-04  2.01E-03  2.06E-06  0.00
  238 2.3800E+03    3    12     184   1.0  5.37E-04  2.10E-03  6.21E-06  0.00
  239 2.3900E+03    3    12     184   1.0  5.23E-04  2.10E-03  8.61E-07  0.00
  240 2.4000E+03    3    13     184   1.0  4.87E-04  2.07E-03  5.81E-08  0.00
  241 2.4100E+03    3    13     184   1.0  4.69E-04  2.09E-03  7.41E-07  0.00
  242 2.4200E+03    3    13     184   1.0  4.72E-04  2.07E-03  1.55E-06  0.00
  243 2.4300E+03    3    13     184   1.0  4.57E-04  2.08E-03  1.11E-05  0.00
  244 2.4400E+03    3    13     184   1.0  4.55E-04  2.15E-03  1.75E-06  0.00
  245 2.4500E+03    3    13     184   1.0  4.66E-04  2.31E-03  2.71E-06  0.00
  246 2.4600E+03    3    13     184   1.0  4.62E-04  2.50E-03  8.46E-06  0.00
  247 2.4700E+03    3    13     184   1.0  6.18E-04  2.57E-03  1.09E-06  0.00
  248 2.4800E+03    3    13     184   1.0  7.31E-04  2.68E-03  1.23E-05  0.00
  249 2.4900E+03    3    13     184   1.0  6.74E-04  2.71E-03  3.10E-06  0.00
  250 2.5000E+03    3    13     184   1.0  5.92E-04  2.77E-03  4.65E-06  0.00
  251 2.5100E+03    3    13     184   1.0  5.88E-04  2.82E-03  1.09E-05  0.00
  252 2.5200E+03    3    13     184   1.0  5.71E-04  2.83E-03  5.56E-06  0.00
  253 2.5300E+03    3    13     184   1.0  5.68E-04  2.81E-03  2.28E-05  0.00
  254 2.5400E+03    3    13     184   1.0  5.34E-04  2.74E-03  2.63E-06  0.00
  255 2.5500E+03    3    13     184   1.0  5.73E-04  2.71E-03  5.89E-06  0.00
  256 2.5600E+03    3    13     184   1.0  7.82E-04  2.63E-03  1.89E-05  0.00
  257 2.5700E+03    3    13     184   1.0  6.59E-04  2.63E-03  1.83E-06  0.00
  258 2.5800E+03    3    13     184   1.0  6.62E-04  2.51E-03  8.35E-06  0.00
  259 2.5900E+03    3    13     184   1.0  6.06E-04  2.40E-03  5.89E-05  0.00
  260 2.6000E+03    3    14     184   1.0  6.05E-04  2.33E-03  4.99E-06  0.00
  261 2.6100E+03    3    14     184   1.0  5.63E-04  2.33E-03  9.67E-07  0.00
  262 2.6200E+03    3    14     184   1.0  5.52E-04  2.37E-03  1.97E-06  0.00
  263 2.6300E+03    3    14     184   1.0  5.34E-04  2.48E-03  9.01E-06  0.00
  264 2.6400E+03    3    14     184   1.0  5.34E-04  2.63E-03  4.82E-07  0.00
  265 2.6500E+03    3    14     184   1.0  5.71E-04  2.74E-03  8.77E-06  0.00
  266 2.6600E+03    3    14     184   1.0  5.55E-04  2.89E-03  2.95E-06  0.00
  267 2.6700E+03    3    14     184   1.0  5.67E-04  3.02E-03  3.80E-06  0.00
  268 2.6800E+03    3    14     184   1.0  5.56E-04  3.16E-03  1.57E-06  0.00
  269 2.6900E+03    3    14     184   1.0  5.98E-04  3.26E-03  1.20E-06  0.00
  270 2.7000E+03    3    14     184   1.0  5.87E-04  3.38E-03  5.40E-07  0.00
  271 2.7100E+03    3    14     184   1.0  6.15E-04  3.47E-03  6.69E-06  0.00
  272 2.7200E+03    3    14     184   1.0  6.13E-04  3.56E-03  1.09E-05  0.00
  273 2.7300E+03    3    14     184   1.0  6.56E-04  3.65E-03  4.34E-06  0.00
  274 2.7400E+03    3    14     184   1.0  6.67E-04  3.70E-03  4.51E-06  0.00
  275 2.7500E+03    3    14     184   1.0  6.86E-04  3.74E-03  1.06E-05  0.00
  276 2.7600E+03    3    14     184   1.0  7.12E-04  3.76E-03  1.56E-03  0.00
  277 2.7700E+03    3    14     184   1.0  7.66E-04  3.82E-03  5.42E-06  0.00
  278 2.7800E+03    3    14     184   1.0  7.26E-04  3.85E-03  1.74E-05  0.00
  279 2.7900E+03    3    14     184   1.0  7.46E-04  3.86E-03  4.33E-06  0.00
  280 2.8000E+03    3    15     184   1.0  7.26E-04  3.89E-03  2.59E-06  0.00
  281 2.8100E+03    3    15     184   1.0  7.20E-04  3.88E-03  3.26E-06  0.00
  282 2.8200E+03    3    15     184   1.0  6.86E-04  3.87E-03  1.35E-05  0.00
  283 2.8300E+03    3    15     184   1.0  6.92E-04  3.83E-03  6.50E-06  0.00
  284 2.8400E+03    3    15     184   1.0  6.69E-04  3.80E-03  3.13E-06  0.00
  285 2.8500E+03    3    15     184   1.0  6.96E-04  3.77E-03  7.57E-06  0.00
  286 2.8600E+03    3    15     184   1.0  9.40E-04  3.72E-03  1.94E-05  0.00
  287 2.8700E+03    3    15     184   1.0  9.96E-04  3.77E-03  6.62E-05  0.00
  288 2.8800E+03    3    15     184   1.0  9.45E-04  3.64E-03  1.92E-05  0.00
  289 2.8900E+03    3    15     184   1.0  8.86E-04  3.45E-03  4.01E-06  0.00
  290 2.9000E+03    3    15     184   1.0  8.32E-04  3.33E-03  1.48E-05  0.00
  291 2.9100E+03    3    15     184   1.0  7.92E-04  3.11E-03  5.77E-06  0.00
  292 2.9200E+03    3    15     184   1.0  7.24E-04  2.97E-03  1.11E-06  0.00
  293 2.9300E+03    3    15     184   1.0  6.42E-04  2.84E-03  9.96E-06  0.00
  294 2.9400E+03    3    15     184   1.0  5.89E-04  2.71E-03  4.49E-06  0.00
  295 2.9500E+03    3    15     184   1.0  5.44E-04  2.61E-03  5.75E-05  0.00
  296 2.9600E+03    3    15     184   1.0  5.48E-04  2.50E-03  9.04E-06  0.00
  297 2.9700E+03    3    15     184   1.0  5.07E-04  2.45E-03  1.79E-06  0.00
  298 2.9800E+03    3    15     184   1.0  4.97E-04  2.36E-03  5.53E-07  0.00
  299 2.9900E+03    3    15     184   1.0  4.79E-04  2.34E-03  6.34E-06  0.00
  300 3.0000E+03    3    16     183   1.0  4.79E-04  2.29E-03  3.04E-06  0.00
  301 3.0100E+03    3    16     183   1.0  4.78E-04  2.27E-03  1.36E-05  0.00
  302 3.0200E+03    3    16     183   1.0  4.57E-04  2.26E-03  6.47E-06  0.00
  303 3.0300E+03    3    16     183   1.0  4.62E-04  2.28E-03  3.32E-06  0.00
  304 3.0400E+03    3    16     183   1.0  4.60E-04  2.28E-03  2.73E-07  0.00
  305 3.0500E+03    3    16     183   1.0  4.49E-04  2.31E-03  3.26E-06  0.00
  306 3.0600E+03    3    16     183   1.0  4.28E-04  2.35E-03  1.39E-06  0.00
  307 3.0700E+03    3    16     183   1.0  4.37E-04  2.36E-03  4.53E-06  0.00
  308 3.0800E+03    3    16     183   1.0  4.45E-04  2.39E-03  4.41E-06  0.00
  309 3.0900E+03    3    16     183   1.0  4.58E-04  2.41E-03  8.43E-06  0.00
  310 3.1000E+03    3    16     183   1.0  4.70E-04  2.43E-03  1.31E-05  0.00
  311 3.1100E+03    3    16     183   1.0  4.66E-04  2.45E-03  4.03E-06  0.00
  312 3.1200E+03    3    16     183   1.0  4.50E-04  2.46E-03  3.84E-06  0.00
  313 3.1300E+03    3    16     183   1.0  4.40E-04  2.45E-03  3.29E-07  0.00
  314 3.1400E+03    3    16     183   1.0  4.38E-04  2.41E-03  1.92E-07  0.00
  315 3.1500E+03    3    16     183   1.0  4.37E-04  2.36E-03  1.36E-06  0.00
  316 3.1600E+03    3    16     183   1.0  4.30E-04  2.32E-03  1.27E-07  0.00
  317 3.1700E+03    3    16     183   1.0  4.29E-04  2.28E-03  7.38E-07  0.00
  318 3.1800E+03    3    16     183   1.0  4.26E-04  2.24E-03  2.81E-06  0.00
  319 3.1900E+03    3    16     183   1.0  4.23E-04  2.20E-03  1.49E-06  0.00
  320 3.2000E+03    3    17     183   1.0  4.20E-04  2.15E-03  3.47E-07  0.00
  321 3.2100E+03    3    17     183   1.0  4.38E-04  2.10E-03  6.04E-07  0.00
  322 3.2200E+03    3    17     183   1.0  4.39E-04  2.07E-03  1.74E-06  0.00
  323 3.2300E+03    3    17     183   1.0  4.24E-04  2.04E-03  1.21E-05  0.00
  324 3.2400E+03    3    17     183   1.0  4.08E-04  2.02E-03  1.79E-06  0.00
  325 3.2500E+03    3    17     183   1.0  4.64E-04  2.03E-03  2.84E-06  0.00
  326 3.2600E+03    3    17     183   1.0  4.54E-04  2.04E-03  2.28E-06  0.00
  327 3.2700E+03    3    17     183   1.0  4.47E-04  2.00E-03  3.99E-07  0.00
  328 3.2800E+03    3    17     183   1.0  4.42E-04  2.00E-03  1.94E-05  0.00
  329 3.2900E+03    3    17     183   1.0  4.15E-04  2.03E-03  1.09E-06  0.00
  330 3.3000E+03    3    17     183   1.0  4.02E-04  2.04E-03  1.57E-06  0.00
  331 3.3100E+03    3    17     183   1.0  4.05E-04  2.05E-03  6.88E-06  0.00
  332 3.3200E+03    3    17     183   1.0  3.89E-04  2.06E-03  1.23E-06  0.00
  333 3.3300E+03    3    17     183   1.0  3.82E-04  2.07E-03  2.82E-06  0.00
  334 3.3400E+03    3    17     183   1.0  3.89E-04  2.07E-03  2.28E-08  0.00
  335 3.3500E+03    3    17     183   1.0  3.88E-04  2.08E-03  2.20E-06  0.00
  336 3.3600E+03    3    17     183   1.0  3.91E-04  2.10E-03  3.23E-06  0.00
  337 3.3700E+03    3    17     183   1.0  3.79E-04  2.13E-03  9.91E-07  0.00
  338 3.3800E+03    3    17     183   1.0  3.95E-04  2.16E-03  3.96E-06  0.00
  339 3.3900E+03    3    17     183   1.0  1.01E-03  2.22E-03  2.22E-06  0.00
  340 3.4000E+03    3    18     184   1.0  1.34E-03  3.13E-03  1.16E-05  0.00
  341 3.4100E+03    3    18     184   1.0  1.30E-03  3.19E-03  3.24E-05  0.00
  342 3.4200E+03    3    18     184   1.0  1.24E-03  3.27E-03  1.18E-05  0.00
  343 3.4300E+03    3    18     184   1.0  1.05E-03  3.31E-03  5.87E-06  0.00
  344 3.4400E+03    3    18     184   1.0  1.07E-03  3.14E-03  3.00E-06  0.00
  345 3.4500E+03    3    18     184   1.0  9.98E-04  2.69E-03  2.43E-07  0.00
  346 3.4600E+03    3    18     184   1.0  8.40E-04  2.42E-03  5.86E-06  0.00
  347 3.4700E+03    3    18     184   1.0  8.22E-04  2.18E-03  5.65E-06  0.00
  348 3.4800E+03    3    18     184   1.0  7.63E-04  2.17E-03  4.91E-06  0.00
  349 3.4900E+03    3    18     184   1.0  6.86E-04  2.34E-03  1.30E-05  0.00
  350 3.5000E+03    3    18     184   1.0  6.66E-04  2.23E-03  3.38E-06  0.00
  351 3.5100E+03    3    18     184   1.0  6.50E-04  2.25E-03  1.73E-05  0.00
  352 3.5200E+03    3    18     184   1.0  6.15E-04  2.12E-03  8.34E-06  0.00
  353 3.5300E+03    3    18     184   1.0  6.65E-04  2.24E-03  1.81E-06  0.00
  354 3.5400E+03    3    18     184   1.0  6.04E-04  2.26E-03  2.35E-06  0.00
  355 3.5500E+03    3    18     184   1.0  5.83E-04  2.15E-03  1.13E-06  0.00
  356 3.5600E+03    3    18     184   1.0  5.74E-04  2.15E-03  2.24E-05  0.00
  357 3.5700E+03    3    18     184   1.0  5.23E-04  2.22E-03  1.70E-05  0.00
  358 3.5800E+03    3    18     184   1.0  4.84E-04  2.26E-03  6.36E-06  0.00
  359 3.5900E+03    3    18     184   1.0  5.57E-04  2.09E-03  2.07E-06  0.00
  360 3.6000E+03    3    19     184   1.0  5.60E-04  2.16E-03  7.19E-05  0.00
  361 3.6100E+03    3    19     184   1.0  5.50E-04  2.17E-03  1.75E-05  0.00
  362 3.6200E+03    3    19     184   1.0  4.93E-04  2.19E-03  2.04E-05  0.00
  363 3.6300E+03    3    19     184   1.0  4.97E-04  2.15E-03  2.41E-05  0.00
  364 3.6400E+03    3    19     184   1.0  5.03E-04  2.05E-03  5.10E-06  0.00
  365 3.6500E+03    3    19     184   1.0  4.85E-04  2.00E-03  4.96E-06  0.00
  366 3.6600E+03    3    19     184   1.0  4.62E-04  1.99E-03  4.44E-06  0.00
  367 3.6700E+03    3    19     184   1.0  3.99E-04  1.97E-03  4.15E-06  0.00
  368 3.6800E+03    3    19     184   1.0  4.10E-04  1.90E-03  7.02E-06  0.00
  369 3.6900E+03    3    19     184   1.0  4.09E-04  1.87E-03  3.23E-06  0.00
  370 3.7000E+03    3    19     184   1.0  4.26E-04  1.89E-03  6.86E-07  0.00
  371 3.7100E+03    3    19     184   1.0  4.02E-04  1.91E-03  1.16E-06  0.00
  372 3.7200E+03    3    19     184   1.0  3.83E-04  1.90E-03  2.15E-06  0.00
  373 3.7300E+03    3    19     184   1.0  3.71E-04  1.88E-03  3.00E-06  0.00
  374 3.7400E+03    3    19     184   1.0  3.84E-04  1.86E-03  1.06E-06  0.00
  375 3.7500E+03    3    19     184   1.0  3.94E-04  1.86E-03  1.43E-06  0.00
  376 3.7600E+03    3    19     184   1.0  3.94E-04  1.86E-03  2.72E-06  0.00
  377 3.7700E+03    3    19     184   1.0  3.77E-04  1.88E-03  2.54E-06  0.00
  378 3.7800E+03    3    19     184   1.0  3.76E-04  1.88E-03  7.36E-06  0.00
  379 3.7900E+03    3    19     184   1.0  3.63E-04  1.87E-03  1.40E-06  0.00
  380 3.8000E+03    3    20     183   1.0  3.72E-04  1.86E-03  1.86E-06  0.00
  381 3.8100E+03    3    20     183   1.0  3.71E-04  1.86E-03  5.82E-06  0.00
  382 3.8200E+03    3    20     183   1.0  3.65E-04  1.86E-03  5.95E-06  0.00
  383 3.8300E+03    3    20     183   1.0  3.47E-04  1.88E-03  1.18E-06  0.00
  384 3.8400E+03    3    20     183   1.0  3.59E-04  1.87E-03  2.82E-07  0.00
  385 3.8500E+03    3    20     183   1.0  3.52E-04  1.88E-03  1.28E-06  0.00
  386 3.8600E+03    3    20     183   1.0  3.64E-04  1.87E-03  1.43E-07  0.00
  387 3.8700E+03    3    20     183   1.0  3.53E-04  1.87E-03  8.34E-08  0.00
  388 3.8800E+03    3    20     183   1.0  3.64E-04  1.87E-03  1.05E-06  0.00
  389 3.8900E+03    3    20     183   1.0  3.55E-04  1.88E-03  4.78E-06  0.00
  390 3.9000E+03    3    20     183   1.0  3.65E-04  1.88E-03  3.74E-06  0.00
  391 3.9100E+03    3    20     183   1.0  3.59E-04  1.89E-03  7.38E-08  0.00
  392 3.9200E+03    3    20     183   1.0  3.50E-04  1.89E-03  1.09E-06  0.00
  393 3.9300E+03    3    20     183   1.0  3.46E-04  1.90E-03  2.35E-07  0.00
  394 3.9400E+03    3    20     183   1.0  3.47E-04  1.90E-03  1.04E-06  0.00
  395 3.9500E+03    3    20     183   1.0  3.50E-04  1.90E-03  1.10E-06  0.00
  396 3.9600E+03    3    20     183   1.0  3.50E-04  1.91E-03  1.05E-06  0.00
  397 3.9700E+03    3    20     183   1.0  3.54E-04  1.91E-03  2.08E-06  0.00
  398 3.9800E+03    3    20     183   1.0  3.53E-04  1.92E-03  8.39E-07  0.00
  399 3.9900E+03    3    20     183   1.0  3.55E-04  1.92E-03  2.48E-06  0.00
  400 4.0000E+03    3    21     183   1.0  3.55E-04  1.92E-03  6.91E-08  0.00
  401 4.0100E+03    3    21     183   1.0  3.57E-04  1.91E-03  4.46E-06  0.00
  402 4.0200E+03    3    21     183   1.0  3.52E-04  1.92E-03  1.71E-06  0.00
  403 4.0300E+03    3    21     183   1.0  3.52E-04  1.91E-03  4.23E-07  0.00
  404 4.0400E+03    3    21     183   1.0  3.50E-04  1.92E-03  1.43E-09  0.00
  405 4.0500E+03    3    21     183   1.0  3.52E-04  1.92E-03  5.17E-09  0.00
  406 4.0600E+03    3    21     183   1.0  3.50E-04  1.92E-03  2.36E-07  0.00
  407 4.0700E+03    3    21     183   1.0  3.51E-04  1.92E-03  4.58E-08  0.00
  408 4.0800E+03    3    21     183   1.0  3.50E-04  1.92E-03  2.60E-07  0.00
  409 4.0900E+03    3    21     183   1.0  3.53E-04  1.92E-03  9.72E-08  0.00
  410 4.1000E+03    3    21     183   1.0  3.50E-04  1.92E-03  7.70E-07  0.00
  411 4.1100E+03    3    21     183   1.0  3.52E-04  1.92E-03  1.89E-06  0.00
  412 4.1200E+03    3    21     183   1.0  3.50E-04  1.92E-03  1.67E-06  0.00
  413 4.1300E+03    3    21     183   1.0  3.51E-04  1.92E-03  6.58E-08  0.00
  414 4.1400E+03    3    21     183   1.0  3.50E-04  1.92E-03  1.72E-07  0.00
  415 4.1500E+03    3    21     183   1.0  3.51E-04  1.92E-03  1.90E-07  0.00
  416 4.1600E+03    3    21     183   1.0  3.50E-04  1.92E-03  1.41E-07  0.00
  417 4.1700E+03    3    21     183   1.0  3.50E-04  1.92E-03  3.22E-07  0.00
  418 4.1800E+03    3    21     183   1.0  3.49E-04  1.92E-03  3.22E-07  0.00
  419 4.1900E+03    3    21     183   1.0  3.61E-04  1.93E-03  5.94E-06  0.00
  420 4.2000E+03    3    22     183   1.0  3.74E-04  2.01E-03  2.26E-06  0.00
  421 4.2100E+03    3    22     183   1.0  3.96E-04  2.08E-03  1.15E-06  0.00
  422 4.2200E+03    3    22     183   1.0  4.99E-04  2.08E-03  4.61E-07  0.00
  423 4.2300E+03    3    22     183   1.0  4.74E-04  2.05E-03  1.28E-05  0.00
  424 4.2400E+03    3    22     183   1.0  4.32E-04  2.00E-03  2.39E-06  0.00
  425 4.2500E+03    3    22     183   1.0  4.23E-04  1.91E-03  8.25E-07  0.00
  426 4.2600E+03    3    22     183   1.0  3.94E-04  1.82E-03  3.76E-06  0.00
  427 4.2700E+03    3    22     183   1.0  4.27E-04  1.73E-03  8.73E-07  0.00
  428 4.2800E+03    3    22     183   1.0  3.99E-04  1.73E-03  3.44E-06  0.00
  429 4.2900E+03    3    22     183   1.0  3.62E-04  1.71E-03  3.00E-06  0.00
  430 4.3000E+03    3    22     183   1.0  3.41E-04  1.68E-03  7.50E-07  0.00
  431 4.3100E+03    3    22     183   1.0  3.45E-04  1.62E-03  4.24E-07  0.00
  432 4.3200E+03    3    22     183   1.0  3.43E-04  1.54E-03  2.03E-06  0.00
  433 4.3300E+03    3    22     183   1.0  3.15E-04  1.42E-03  1.90E-07  0.00
  434 4.3400E+03    3    22     183   1.0  3.07E-04  1.40E-03  1.20E-06  0.00
  435 4.3500E+03    3    22     183   1.0  3.07E-04  1.43E-03  2.14E-06  0.00
  436 4.3600E+03    3    22     183   1.0  3.35E-04  1.45E-03  5.67E-06  0.00
  437 4.3700E+03    3    22     183   1.0  3.12E-04  1.51E-03  7.76E-07  0.00
  438 4.3800E+03    3    22     183   1.0  3.09E-04  1.57E-03  1.94E-05  0.00
  439 4.3900E+03    3    22     183   1.0  3.06E-04  1.61E-03  3.20E-06  0.00
  440 4.4000E+03    3    23     183   1.0  3.00E-04  1.67E-03  5.33E-05  0.00
  441 4.4100E+03    3    23     183   1.0  2.83E-04  1.77E-03  6.23E-07  0.00
  442 4.4200E+03    3    23     183   1.0  3.04E-04  1.85E-03  7.33E-06  0.00
  443 4.4300E+03    3    23     183   1.0  2.95E-04  1.93E-03  1.27E-05  0.00
  444 4.4400E+03    3    23     183   1.0  3.13E-04  1.99E-03  1.00E-06  0.00
  445 4.4500E+03    3    23     183   1.0  3.05E-04  2.06E-03  4.42E-07  0.00
  446 4.4600E+03    3    23     183   1.0  3.13E-04  2.11E-03  7.66E-07  0.00
  447 4.4700E+03    3    23     183   1.0  3.17E-04  2.14E-03  1.13E-06  0.00
  448 4.4800E+03    3    23     183   1.0  3.34E-04  2.17E-03  1.54E-06  0.00
  449 4.4900E+03    3    23     183   1.0  3.42E-04  2.23E-03  3.22E-06  0.00
  450 4.5000E+03    3    23     183   1.0  3.48E-04  2.28E-03  1.32E-06  0.00
  451 4.5100E+03    3    23     183   1.0  3.71E-04  2.32E-03  9.69E-07  0.00
  452 4.5200E+03    3    23     183   1.0  3.80E-04  2.33E-03  1.85E-06  0.00
  453 4.5300E+03    3    23     183   1.0  3.82E-04  2.31E-03  2.11E-06  0.00
  454 4.5400E+03    3    23     183   1.0  3.66E-04  2.32E-03  2.07E-06  0.00
  455 4.5500E+03    3    23     183   1.0  3.68E-04  2.32E-03  1.01E-06  0.00
  456 4.5600E+03    3    23     183   1.0  3.65E-04  2.35E-03  2.33E-06  0.00
  457 4.5700E+03    3    23     183   1.0  3.52E-04  2.40E-03  4.04E-05  0.00
  458 4.5800E+03    3    23     183   1.0  3.40E-04  2.44E-03  2.13E-06  0.00
  459 4.5900E+03    3    23     183   1.0  3.44E-04  2.49E-03  3.08E-07  0.00
  460 4.6000E+03    3    24     183   1.0  3.50E-04  2.55E-03  2.20E-07  0.00
  461 4.6100E+03    3    24     183   1.0  3.58E-04  2.59E-03  4.56E-06  0.00
  462 4.6200E+03    3    24     183   1.0  3.81E-04  2.63E-03  8.39E-06  0.00
  463 4.6300E+03    3    24     183   1.0  3.86E-04  2.65E-03  4.73E-06  0.00
  464 4.6400E+03    3    24     183   1.0  4.00E-04  2.69E-03  4.75E-06  0.00
  465 4.6500E+03    3    24     183   1.0  4.04E-04  2.71E-03  1.18E-06  0.00
  466 4.6600E+03    3    24     183   1.0  4.04E-04  2.74E-03  4.63E-06  0.00
  467 4.6700E+03    3    24     183   1.0  4.09E-04  2.76E-03  4.32E-06  0.00
  468 4.6800E+03    3    24     183   1.0  4.26E-04  2.76E-03  1.41E-06  0.00
  469 4.6900E+03    3    24     183   1.0  4.22E-04  2.77E-03  4.75E-06  0.00
  470 4.7000E+03    3    24     183   1.0  4.23E-04  2.83E-03  1.85E-06  0.00
  471 4.7100E+03    3    24     183   1.0  4.01E-04  2.93E-03  5.71E-06  0.00
  472 4.7200E+03    3    24     183   1.0  3.94E-04  2.96E-03  5.01E-06  0.00
  473 4.7300E+03    3    24     183   1.0  4.17E-04  2.94E-03  1.09E-05  0.00
  474 4.7400E+03    3    24     183   1.0  4.25E-04  2.93E-03  1.07E-06  0.00
  475 4.7500E+03    3    24     183   1.0  4.35E-04  2.94E-03  2.96E-06  0.00
  476 4.7600E+03    3    24     183   1.0  4.26E-04  2.97E-03  9.39E-08  0.00
  477 4.7700E+03    3    24     183   1.0  4.17E-04  2.96E-03  1.54E-07  0.00
  478 4.7800E+03    3    24     183   1.0  4.34E-04  2.89E-03  1.45E-06  0.00
  479 4.7900E+03    3    24     183   1.0  4.38E-04  2.83E-03  2.14E-06  0.00
  480 4.8000E+03    3    25     183   1.0  4.46E-04  2.79E-03  6.88E-06  0.00
  481 4.8100E+03    3    25     183   1.0  4.41E-04  2.79E-03  2.53E-05  0.00
  482 4.8200E+03    4    25     183   1.0  4.20E-04  2.81E-03  4.17E-07  0.00
  483 4.8300E+03    4    25     183   1.0  5.69E-04  3.03E-03  2.98E-05  0.00
  484 4.8400E+03    4    25     183   1.0  6.04E-04  3.45E-03  4.14E-05  0.00
  485 4.8500E+03    4    25     183   1.0  5.80E-04  3.85E-03  2.05E-06  0.00
  486 4.8600E+03    4    25     183   1.0  6.56E-04  4.22E-03  3.54E-06  0.00
  487 4.8700E+03    4    25     183   1.0  7.30E-04  4.50E-03  1.84E-06  0.00
  488 4.8800E+03    4    25     183   1.0  7.36E-04  4.77E-03  1.59E-05  0.00
  489 4.8900E+03    4    25     183   1.0  7.54E-04  4.99E-03  3.73E-05  0.00
  490 4.9000E+03    4    25     183   1.0  7.54E-04  5.19E-03  4.40E-06  0.00
  491 4.9100E+03    4    25     183   1.0  7.29E-04  5.38E-03  1.31E-05  0.00
  492 4.9200E+03    4    25     183   1.0  7.59E-04  5.51E-03  1.40E-05  0.00
  493 4.9300E+03    4    25     183   1.0  1.69E-03  5.74E-03  8.87E-06  0.00
  494 4.9400E+03    4    25     183   1.0  1.73E-03  5.81E-03  7.57E-06  0.00
  495 4.9500E+03    4    25     183   1.0  1.78E-03  5.83E-03  3.88E-05  0.00
  496 4.9600E+03    4    25     183   1.0  1.93E-03  6.48E-03  4.01E-05  0.00
  497 4.9700E+03    4    25     183   1.0  1.89E-03  6.00E-03  4.76E-05  0.00
  498 4.9800E+03    4    25     183   1.0  1.57E-03  6.04E-03  1.54E-06  0.00
  499 4.9900E+03    4    25     183   1.0  1.66E-03  5.80E-03  2.77E-05  0.00
  500 5.0000E+03    4    26     184   1.0  1.67E-03  5.61E-03  2.34E-05  0.00
  501 5.0100E+03    4    26     184   1.0  1.54E-03  5.61E-03  4.58E-05  0.00
  502 5.0200E+03    4    26     184   1.0  1.44E-03  5.08E-03  1.71E-05  0.00
  503 5.0300E+03    4    26     184   1.0  1.33E-03  5.03E-03  6.67E-05  0.00
  504 5.0400E+03    4    26     184   1.0  1.29E-03  4.54E-03  1.17E-05  0.00
  505 5.0500E+03    4    26     184   1.0  1.15E-03  4.60E-03  9.15E-06  0.00
  506 5.0600E+03    4    26     184   1.0  1.15E-03  4.43E-03  2.58E-06  0.00
  507 5.0700E+03    4    26     184   1.0  1.15E-03  4.58E-03  1.50E-06  0.00
  508 5.0800E+03    4    26     184   1.0  1.18E-03  4.60E-03  9.73E-07  0.00
  509 5.0900E+03    4    26     184   1.0  1.10E-03  4.57E-03  2.45E-05  0.00
  510 5.1000E+03    4    26     184   1.0  1.08E-03  4.19E-03  1.30E-05  0.00
  511 5.1100E+03    4    26     184   1.0  1.01E-03  4.02E-03  9.59E-05  0.00
  512 5.1200E+03    4    26     184   1.0  8.70E-04  4.00E-03  5.46E-05  0.00
  513 5.1300E+03    4    26     184   1.0  8.47E-04  3.94E-03  1.76E-05  0.00
  514 5.1400E+03    4    26     184   1.0  8.36E-04  3.65E-03  9.19E-06  0.00
  515 5.1500E+03    4    26     184   1.0  8.14E-04  3.35E-03  5.83E-06  0.00
  516 5.1600E+03    4    26     184   1.0  8.43E-04  3.05E-03  2.26E-07  0.00
  517 5.1700E+03    4    26     184   1.0  7.33E-04  2.93E-03  1.54E-04  0.00
  518 5.1800E+03    4    26     184   1.0  6.60E-04  2.92E-03  1.13E-05  0.00
  519 5.1900E+03    4    26     184   1.0  6.65E-04  2.98E-03  8.13E-06  0.00
  520 5.2000E+03    4    27     185   1.0  6.92E-04  3.06E-03  1.44E-05  0.00
  521 5.2100E+03    4    27     185   1.0  6.96E-04  3.10E-03  1.15E-05  0.00
  522 5.2200E+03    4    27     185   1.0  6.45E-04  2.98E-03  4.85E-06  0.00
  523 5.2300E+03    4    27     185   1.0  6.47E-04  2.80E-03  1.09E-05  0.00
  524 5.2400E+03    4    27     185   1.0  7.42E-04  2.85E-03  9.76E-06  0.00
  525 5.2500E+03    4    27     185   1.0  6.62E-04  2.98E-03  1.76E-05  0.00
  526 5.2600E+03    4    27     185   1.0  6.75E-04  3.18E-03  2.91E-05  0.00
  527 5.2700E+03    4    27     185   1.0  9.83E-04  3.34E-03  2.02E-05  0.00
  528 5.2800E+03    4    27     185   1.0  9.75E-04  3.46E-03  1.40E-05  0.00
  529 5.2900E+03    4    27     185   1.0  9.81E-04  3.41E-03  2.65E-06  0.00
  530 5.3000E+03    4    27     185   1.0  8.58E-04  3.57E-03  1.31E-05  0.00
  531 5.3100E+03    4    27     185   1.0  9.65E-04  3.47E-03  6.88E-06  0.00
  532 5.3200E+03    4    27     185   1.0  9.33E-04  3.68E-03  6.39E-07  0.00
  533 5.3300E+03    4    27     185   1.0  9.37E-04  3.52E-03  8.93E-06  0.00
  534 5.3400E+03    4    27     185   1.0  8.24E-04  3.49E-03  1.99E-05  0.00
  535 5.3500E+03    4    27     185   1.0  7.41E-04  3.24E-03  1.20E-05  0.00
  536 5.3600E+03    4    27     185   1.0  7.37E-04  3.06E-03  4.16E-06  0.00
  537 5.3700E+03    4    27     185   1.0  7.86E-04  3.02E-03  1.92E-05  0.00
  538 5.3800E+03    4    27     185   1.0  7.20E-04  2.87E-03  3.15E-06  0.00
  539 5.3900E+03    4    27     185   1.0  6.30E-04  3.05E-03  3.88E-06  0.00
  540 5.4000E+03    4    28     185   1.0  5.24E-04  3.23E-03  4.28E-06  0.00
  541 5.4100E+03    4    28     185   1.0  5.57E-04  3.26E-03  7.99E-06  0.00
  542 5.4200E+03    4    28     185   1.0  6.06E-04  3.39E-03  1.10E-06  0.00
  543 5.4300E+03    4    28     185   1.0  8.58E-04  3.56E-03  5.67E-06  0.00
  544 5.4400E+03    4    28     185   1.0  9.17E-04  3.79E-03  4.15E-04  0.00
  545 5.4500E+03    4    28     185   1.0  7.75E-04  4.09E-03  2.66E-04  0.00
  546 5.4600E+03    4    28     185   1.0  7.37E-04  4.36E-03  3.89E-06  0.00
  547 5.4700E+03    4    28     185   1.0  7.85E-04  4.57E-03  6.07E-06  0.00
  548 5.4800E+03    4    28     185   1.0  8.48E-04  4.81E-03  1.57E-05  0.00
  549 5.4900E+03    4    28     185   1.0  9.93E-04  4.99E-03  1.75E-05  0.00
  550 5.5000E+03    4    28     185   1.0  1.09E-03  5.21E-03  2.95E-06  0.00
  551 5.5100E+03    4    28     185   1.0  1.01E-03  5.30E-03  1.70E-06  0.00
  552 5.5200E+03    4    28     185   1.0  1.00E-03  5.22E-03  2.90E-07  0.00
  553 5.5300E+03    4    28     185   1.0  8.75E-04  5.43E-03  8.90E-06  0.00
  554 5.5400E+03    4    28     185   1.0  9.22E-04  5.60E-03  1.59E-05  0.00
  555 5.5500E+03    4    28     185   1.0  8.77E-04  5.91E-03  1.29E-05  0.00
  556 5.5600E+03    4    28     185   1.0  9.01E-04  6.12E-03  6.28E-06  0.00
  557 5.5700E+03    4    28     185   1.0  8.24E-04  6.42E-03  4.80E-06  0.00
  558 5.5800E+03    4    28     185   1.0  7.81E-04  6.58E-03  9.34E-07  0.00
  559 5.5900E+03    4    28     185   1.0  8.04E-04  6.65E-03  2.31E-06  0.00
  560 5.6000E+03    4    29     185   1.0  8.87E-04  6.79E-03  2.68E-05  0.00
  561 5.6100E+03    4    29     185   1.0  8.69E-04  6.96E-03  1.38E-04  0.00
  562 5.6200E+03    4    29     185   1.0  8.33E-04  7.08E-03  4.60E-06  0.00
  563 5.6300E+03    4    29     185   1.0  8.23E-04  7.17E-03  7.89E-06  0.00
  564 5.6400E+03    4    29     185   1.0  8.16E-04  7.29E-03  4.68E-06  0.00
  565 5.6500E+03    4    29     185   1.0  8.23E-04  7.27E-03  6.53E-06  0.00
  566 5.6600E+03    4    29     185   1.0  8.58E-04  7.21E-03  4.02E-06  0.00
  567 5.6700E+03    4    29     185   1.0  8.70E-04  7.18E-03  1.01E-06  0.00
  568 5.6800E+03    4    29     185   1.0  8.43E-04  7.12E-03  1.74E-06  0.00
  569 5.6900E+03    4    29     185   1.0  8.43E-04  7.03E-03  4.37E-06  0.00
  570 5.7000E+03    4    29     185   1.0  8.50E-04  7.08E-03  2.89E-06  0.00
  571 5.7100E+03    4    29     185   1.0  8.86E-04  7.09E-03  7.76E-06  0.00
  572 5.7200E+03    4    29     185   1.0  9.02E-04  7.09E-03  1.02E-05  0.00
  573 5.7300E+03    4    29     185   1.0  8.87E-04  7.18E-03  4.20E-06  0.00
  574 5.7400E+03    4    29     185   1.0  8.85E-04  7.26E-03  1.38E-05  0.00
  575 5.7500E+03    4    29     185   1.0  1.76E-03  7.42E-03  2.67E-06  0.00
  576 5.7600E+03    4    29     185   1.0  1.95E-03  7.51E-03  4.17E-05  0.00
  577 5.7700E+03    4    29     185   1.0  1.81E-03  7.30E-03  3.19E-06  0.00
  578 5.7800E+03    4    29     185   1.0  1.57E-03  7.07E-03  3.32E-06  0.00
  579 5.7900E+03    4    29     185   1.0  1.41E-03  6.95E-03  1.52E-05  0.00
  580 5.8000E+03    4    30     185   1.0  1.33E-03  6.76E-03  9.76E-07  0.00
  581 5.8100E+03    4    30     185   1.0  1.31E-03  6.48E-03  6.50E-06  0.00
  582 5.8200E+03    4    30     185   1.0  1.30E-03  6.26E-03  7.29E-06  0.00
  583 5.8300E+03    4    30     185   1.0  1.17E-03  6.32E-03  4.08E-04  0.00
  584 5.8400E+03    4    30     185   1.0  1.07E-03  6.29E-03  1.02E-05  0.00
  585 5.8500E+03    4    30     185   1.0  1.04E-03  6.27E-03  6.21E-06  0.00
  586 5.8600E+03    4    30     185   1.0  9.88E-04  6.47E-03  6.53E-07  0.00
  587 5.8700E+03    4    30     185   1.0  1.03E-03  6.36E-03  2.80E-05  0.00
  588 5.8800E+03    4    30     185   1.0  9.67E-04  6.19E-03  8.60E-06  0.00
  589 5.8900E+03    4    30     185   1.0  1.05E-03  6.05E-03  9.22E-06  0.00
  590 5.9000E+03    4    30     185   1.0  1.02E-03  6.12E-03  3.61E-05  0.00
  591 5.9100E+03    4    30     185   1.0  9.87E-04  6.31E-03  5.07E-06  0.00
  592 5.9200E+03    4    30     185   1.0  9.08E-04  6.35E-03  3.94E-05  0.00
  593 5.9300E+03    4    30     185   1.0  9.42E-04  6.38E-03  1.58E-05  0.00
  594 5.9400E+03    4    30     185   1.0  9.55E-04  6.66E-03  7.15E-06  0.00
  595 5.9500E+03    4    30     185   1.0  1.06E-03  6.78E-03  1.97E-06  0.00
  596 5.9600E+03    4    30     185   1.0  1.06E-03  6.78E-03  3.14E-06  0.00
  597 5.9700E+03    4    30     185   1.0  1.20E-03  6.76E-03  1.20E-05  0.00
  598 5.9800E+03    4    30     185   1.0  1.14E-03  6.87E-03  1.21E-05  0.00
  599 5.9900E+03    4    30     185   1.0  1.09E-03  7.07E-03  6.30E-06  0.00
  600 6.0000E+03    4    31     185   1.0  1.12E-03  7.06E-03  1.02E-05  0.00
  601 6.0100E+03    4    31     185   1.0  1.20E-03  6.97E-03  3.44E-05  0.00
  602 6.0200E+03    4    31     185   1.0  1.17E-03  6.70E-03  1.31E-05  0.00
  603 6.0300E+03    4    31     185   1.0  1.20E-03  6.32E-03  2.55E-05  0.00
  604 6.0400E+03    4    31     185   1.0  1.09E-03  6.19E-03  8.02E-06  0.00
  605 6.0500E+03    4    31     185   1.0  1.06E-03  5.86E-03  9.68E-07  0.00
  606 6.0600E+03    4    31     185   1.0  9.97E-04  5.25E-03  2.86E-05  0.00
  607 6.0700E+03    4    31     185   1.0  9.98E-04  4.94E-03  8.24E-06  0.00
  608 6.0800E+03    4    31     185   1.0  9.22E-04  4.71E-03  3.72E-06  0.00
  609 6.0900E+03    4    31     185   1.0  8.07E-04  4.45E-03  6.28E-06  0.00
  610 6.1000E+03    4    31     185   1.0  6.93E-04  4.49E-03  6.17E-06  0.00
  611 6.1100E+03    4    31     185   1.0  6.78E-04  4.52E-03  1.30E-05  0.00
  612 6.1200E+03    4    31     185   1.0  7.05E-04  4.61E-03  8.29E-06  0.00
  613 6.1300E+03    4    31     185   1.0  6.98E-04  4.67E-03  1.02E-06  0.00
  614 6.1400E+03    4    31     185   1.0  7.80E-04  4.62E-03  1.65E-05  0.00
  615 6.1500E+03    4    31     185   1.0  7.62E-04  4.49E-03  7.32E-06  0.00
  616 6.1600E+03    4    31     185   1.0  6.74E-04  4.37E-03  6.38E-06  0.00
  617 6.1700E+03    4    31     185   1.0  6.31E-04  4.24E-03  1.49E-06  0.00
  618 6.1800E+03    4    31     185   1.0  5.92E-04  4.10E-03  1.22E-06  0.00
  619 6.1900E+03    4    31     185   1.0  6.27E-04  4.05E-03  3.23E-06  0.00
  620 6.2000E+03    4    32     185   1.0  6.60E-04  4.13E-03  1.54E-06  0.00
  621 6.2100E+03    4    32     185   1.0  6.79E-04  4.05E-03  3.14E-06  0.00
  622 6.2200E+03    4    32     185   1.0  6.07E-04  3.92E-03  2.47E-06  0.00
  623 6.2300E+03    4    32     185   1.0  6.26E-04  3.79E-03  8.07E-06  0.00
  624 6.2400E+03    4    32     185   1.0  5.51E-04  3.73E-03  4.69E-07  0.00
  625 6.2500E+03    4    32     185   1.0  5.46E-04  3.55E-03  2.63E-05  0.00
  626 6.2600E+03    4    32     185   1.0  5.04E-04  3.43E-03  2.06E-05  0.00
  627 6.2700E+03    4    32     185   1.0  5.22E-04  3.46E-03  3.66E-06  0.00
  628 6.2800E+03    4    32     185   1.0  5.04E-04  3.62E-03  2.49E-06  0.00
  629 6.2900E+03    4    32     185   1.0  5.18E-04  3.74E-03  1.18E-05  0.00
  630 6.3000E+03    4    32     185   1.0  5.41E-04  3.68E-03  7.07E-06  0.00
  631 6.3100E+03    4    32     185   1.0  5.21E-04  3.66E-03  6.21E-05  0.00
  632 6.3200E+03    4    32     185   1.0  5.04E-04  3.63E-03  2.88E-06  0.00
  633 6.3300E+03    4    32     185   1.0  4.72E-04  3.66E-03  2.52E-06  0.00
  634 6.3400E+03    4    32     185   1.0  5.84E-04  3.63E-03  2.48E-05  0.00
  635 6.3500E+03    4    32     185   1.0  8.60E-04  3.77E-03  3.91E-06  0.00
  636 6.3600E+03    4    32     185   1.0  7.91E-04  3.87E-03  4.65E-06  0.00
  637 6.3700E+03    4    32     185   1.0  7.41E-04  3.93E-03  2.56E-05  0.00
  638 6.3800E+03    4    32     185   1.0  7.20E-04  3.77E-03  2.47E-06  0.00
  639 6.3900E+03    4    32     185   1.0  7.04E-04  3.69E-03  2.08E-05  0.00
  640 6.4000E+03    4    33     185   1.0  7.17E-04  3.63E-03  7.48E-07  0.00
  641 6.4100E+03    4    33     185   1.0  6.88E-04  3.63E-03  2.50E-05  0.00
  642 6.4200E+03    4    33     185   1.0  6.82E-04  3.66E-03  2.93E-06  0.00
  643 6.4300E+03    4    33     185   1.0  6.32E-04  3.75E-03  2.06E-06  0.00
  644 6.4400E+03    4    33     185   1.0  5.77E-04  3.78E-03  1.51E-06  0.00
  645 6.4500E+03    4    33     185   1.0  5.72E-04  3.72E-03  3.47E-06  0.00
  646 6.4600E+03    4    33     185   1.0  5.60E-04  3.60E-03  4.79E-07  0.00
  647 6.4700E+03    4    33     185   1.0  5.85E-04  3.50E-03  6.19E-07  0.00
  648 6.4800E+03    4    33     185   1.0  5.79E-04  3.50E-03  3.86E-07  0.00
  649 6.4900E+03    4    33     185   1.0  5.94E-04  3.53E-03  2.88E-07  0.00
  650 6.5000E+03    4    33     185   1.0  6.19E-04  3.62E-03  3.44E-06  0.00
  651 6.5100E+03    4    33     185   1.0  6.44E-04  3.65E-03  2.26E-04  0.00
  652 6.5200E+03    4    33     185   1.0  6.07E-04  3.83E-03  5.11E-06  0.00
  653 6.5300E+03    4    33     185   1.0  6.06E-04  3.94E-03  4.38E-06  0.00
  654 6.5400E+03    4    33     185   1.0  6.32E-04  4.04E-03  8.81E-06  0.00
  655 6.5500E+03    4    33     185   1.0  6.71E-04  4.08E-03  1.69E-06  0.00
  656 6.5600E+03    4    33     185   1.0  6.66E-04  4.14E-03  4.23E-06  0.00
  657 6.5700E+03    4    33     185   1.0  7.31E-04  4.16E-03  4.05E-06  0.00
  658 6.5800E+03    4    33     185   1.0  7.20E-04  4.18E-03  5.88E-06  0.00
  659 6.5900E+03    4    33     185   1.0  7.50E-04  4.10E-03  4.26E-06  0.00
  660 6.6000E+03    4    34     185   1.0  6.98E-04  4.15E-03  5.41E-07  0.00
  661 6.6100E+03    4    34     185   1.0  7.26E-04  4.16E-03  7.17E-07  0.00
  662 6.6200E+03    4    34     185   1.0  6.97E-04  4.29E-03  3.69E-06  0.00
  663 6.6300E+03    4    34     185   1.0  7.34E-04  4.51E-03  7.19E-07  0.00
  664 6.6400E+03    4    34     185   1.0  7.84E-04  4.82E-03  1.49E-05  0.00
  665 6.6500E+03    4    34     185   1.0  8.29E-04  5.12E-03  2.81E-05  0.00
  666 6.6600E+03    4    34     185   1.0  8.56E-04  5.24E-03  3.30E-06  0.00
  667 6.6700E+03    4    34     185   1.0  8.40E-04  5.37E-03  3.88E-06  0.00
  668 6.6800E+03    4    34     185   1.0  8.94E-04  5.46E-03  5.23E-07  0.00
  669 6.6900E+03    4    34     185   1.0  9.06E-04  5.46E-03  9.77E-05  0.00
  670 6.7000E+03    4    34     185   1.0  1.05E-03  5.20E-03  7.44E-06  0.00
  671 6.7100E+03    4    34     185   1.0  9.57E-04  5.40E-03  1.44E-05  0.00
  672 6.7200E+03    4    34     185   1.0  1.05E-03  5.35E-03  6.65E-04  0.00
  673 6.7300E+03    4    34     185   1.0  1.01E-03  5.25E-03  1.01E-06  0.00
  674 6.7400E+03    4    34     185   1.0  9.91E-04  4.93E-03  5.91E-06  0.00
  675 6.7500E+03    4    34     185   1.0  9.76E-04  4.66E-03  5.12E-05  0.00
  676 6.7600E+03    4    34     185   1.0  9.19E-04  4.65E-03  3.36E-06  0.00
  677 6.7700E+03    4    34     185   1.0  8.06E-04  4.49E-03  1.45E-05  0.00
  678 6.7800E+03    4    34     185   1.0  8.07E-04  4.29E-03  6.95E-06  0.00
  679 6.7900E+03    4    34     185   1.0  8.06E-04  4.19E-03  3.35E-06  0.00
  680 6.8000E+03    4    35     185   1.0  8.92E-04  4.09E-03  2.24E-06  0.00
  681 6.8100E+03    4    35     185   1.0  7.54E-04  4.01E-03  7.27E-06  0.00
  682 6.8200E+03    4    35     185   1.0  7.31E-04  4.00E-03  7.85E-06  0.00
  683 6.8300E+03    4    35     185   1.0  6.44E-04  4.13E-03  1.77E-06  0.00
  684 6.8400E+03    4    35     185   1.0  7.43E-04  4.08E-03  2.31E-06  0.00
  685 6.8500E+03    4    35     185   1.0  7.12E-04  4.13E-03  1.68E-06  0.00
  686 6.8600E+03    4    35     185   1.0  7.55E-04  4.21E-03  1.90E-06  0.00
  687 6.8700E+03    4    35     185   1.0  7.33E-04  4.34E-03  2.40E-07  0.00
  688 6.8800E+03    4    35     185   1.0  8.19E-04  4.37E-03  9.02E-07  0.00
  689 6.8900E+03    4    35     185   1.0  7.99E-04  4.46E-03  7.37E-08  0.00
  690 6.9000E+03    4    35     185   1.0  7.82E-04  4.55E-03  8.09E-06  0.00
  691 6.9100E+03    4    35     185   1.0  7.86E-04  4.64E-03  1.09E-05  0.00
  692 6.9200E+03    4    35     185   1.0  8.37E-04  4.74E-03  4.17E-06  0.00
  693 6.9300E+03    4    35     185   1.0  8.69E-04  4.80E-03  1.01E-05  0.00
  694 6.9400E+03    4    35     185   1.0  8.44E-04  4.86E-03  8.16E-05  0.00
  695 6.9500E+03    4    35     185   1.0  8.40E-04  4.86E-03  5.13E-08  0.00
  696 6.9600E+03    4    35     185   1.0  8.64E-04  4.79E-03  2.31E-06  0.00
  697 6.9700E+03    4    35     185   1.0  8.95E-04  4.61E-03  4.17E-06  0.00
  698 6.9800E+03    4    35     185   1.0  1.34E-03  4.56E-03  2.98E-05  0.00
  699 6.9900E+03    4    35     185   1.0  1.69E-03  4.59E-03  5.69E-06  0.00
  700 7.0000E+03    4    36     185   1.0  1.48E-03  4.63E-03  7.57E-05  0.00
  701 7.0100E+03    4    36     185   1.0  1.46E-03  4.22E-03  1.55E-05  0.00
  702 7.0200E+03    4    36     185   1.0  1.32E-03  3.94E-03  1.52E-05  0.00
  703 7.0300E+03    4    36     185   1.0  1.29E-03  3.88E-03  2.48E-05  0.00
  704 7.0400E+03    4    36     185   1.0  1.13E-03  4.52E-03  2.19E-05  0.00
  705 7.0500E+03    4    36     185   1.0  1.15E-03  4.98E-03  3.14E-04  0.00
  706 7.0600E+03    4    36     185   1.0  1.26E-03  5.22E-03  4.68E-06  0.00
  707 7.0700E+03    4    36     185   1.0  1.33E-03  5.61E-03  5.23E-06  0.00
  708 7.0800E+03    4    36     185   1.0  1.25E-03  6.21E-03  4.55E-06  0.00
  709 7.0900E+03    4    36     185   1.0  1.35E-03  6.74E-03  3.85E-06  0.00
  710 7.1000E+03    4    36     185   1.0  1.39E-03  7.18E-03  1.86E-03  0.00
  711 7.1100E+03    4    36     185   1.0  1.62E-03  7.79E-03  4.86E-06  0.00
  712 7.1200E+03    4    36     185   1.0  1.72E-03  8.60E-03  7.05E-05  0.00
  713 7.1300E+03    4    36     185   1.0  1.84E-03  9.26E-03  1.07E-05  0.00
  714 7.1400E+03    4    36     185   1.0  1.91E-03  1.00E-02  1.57E-05  0.00
  715 7.1500E+03    4    36     185   1.0  2.06E-03  1.08E-02  9.11E-05  0.00
  716 7.1600E+03    4    36     185   1.0  2.07E-03  1.14E-02  4.19E-06  0.00
  717 7.1700E+03    4    36     185   1.0  3.29E-03  1.20E-02  5.06E-06  0.00
  718 7.1800E+03    4    36     185   1.0  2.85E-03  1.25E-02  1.24E-04  0.00
  719 7.1900E+03    4    36     185   1.0  2.91E-03  1.23E-02  7.96E-05  0.00
  720 7.2000E+03    4    37     185   1.0  2.61E-03  1.24E-02  7.18E-05  0.00
  721 7.2100E+03    4    37     185   1.0  2.98E-03  1.23E-02  2.21E-05  0.00
  722 7.2200E+03    4    37     185   1.0  2.86E-03  1.27E-02  1.59E-05  0.00
  723 7.2300E+03    4    37     185   1.0  3.57E-03  1.28E-02  1.40E-05  0.00
  724 7.2400E+03    4    37     185   1.0  3.05E-03  1.40E-02  1.29E-05  0.00
  725 7.2500E+03    4    37     185   1.0  3.27E-03  1.32E-02  9.94E-06  0.00
  726 7.2600E+03    4    37     185   1.0  4.33E-03  1.28E-02  1.62E-03  0.00
  727 7.2700E+03    4    37     185   1.0  4.38E-03  1.20E-02  2.15E-05  0.00
  728 7.2800E+03    4    37     185   1.0  3.79E-03  1.24E-02  4.83E-05  0.00
  729 7.2900E+03    4    37     185   1.0  3.59E-03  1.29E-02  7.71E-05  0.00
  730 7.3000E+03    4    37     185   1.0  3.47E-03  1.22E-02  2.20E-05  0.00
  731 7.3100E+03    4    37     185   1.0  2.99E-03  1.13E-02  7.28E-05  0.00
  732 7.3200E+03    4    37     185   1.0  3.12E-03  1.09E-02  5.10E-06  0.00
  733 7.3300E+03    4    37     185   1.0  3.28E-03  1.05E-02  2.04E-04  0.00
  734 7.3400E+03    4    37     185   1.0  3.07E-03  1.06E-02  1.87E-05  0.00
  735 7.3500E+03    4    37     185   1.0  3.21E-03  1.01E-02  8.06E-05  0.00
  736 7.3600E+03    4    37     185   1.0  3.10E-03  9.51E-03  3.46E-05  0.00
  737 7.3700E+03    4    37     185   1.0  2.79E-03  9.16E-03  8.42E-06  0.00
  738 7.3800E+03    4    37     185   1.0  2.55E-03  8.37E-03  1.40E-06  0.00
  739 7.3900E+03    4    37     185   1.0  2.49E-03  8.41E-03  2.64E-05  0.00
  740 7.4000E+03    4    38     184   1.0  2.14E-03  7.90E-03  1.55E-05  0.00
  741 7.4100E+03    4    38     184   1.0  1.94E-03  7.23E-03  8.71E-06  0.00
  742 7.4200E+03    4    38     184   1.0  1.92E-03  7.53E-03  1.44E-05  0.00
  743 7.4300E+03    4    38     184   1.0  1.83E-03  7.23E-03  9.22E-07  0.00
  744 7.4400E+03    4    38     184   1.0  1.68E-03  6.47E-03  9.84E-06  0.00
  745 7.4500E+03    4    38     184   1.0  1.55E-03  6.21E-03  6.94E-05  0.00
  746 7.4600E+03    4    38     184   1.0  1.52E-03  6.23E-03  5.77E-06  0.00
  747 7.4700E+03    4    38     184   1.0  1.52E-03  6.10E-03  1.45E-06  0.00
  748 7.4800E+03    4    38     184   1.0  1.47E-03  5.87E-03  6.11E-06  0.00
  749 7.4900E+03    4    38     184   1.0  1.24E-03  6.08E-03  1.32E-05  0.00
  750 7.5000E+03    4    38     184   1.0  1.18E-03  6.03E-03  1.91E-05  0.00
  751 7.5100E+03    4    38     184   1.0  9.96E-04  5.85E-03  1.93E-05  0.00
  752 7.5200E+03    4    38     184   1.0  1.00E-03  5.56E-03  3.99E-06  0.00
  753 7.5300E+03    4    38     184   1.0  9.22E-04  5.61E-03  1.97E-05  0.00
  754 7.5400E+03    4    38     184   1.0  9.18E-04  5.43E-03  5.92E-06  0.00
  755 7.5500E+03    4    38     184   1.0  1.08E-03  5.11E-03  1.83E-06  0.00
  756 7.5600E+03    4    38     184   1.0  1.12E-03  4.99E-03  1.64E-07  0.00
  757 7.5700E+03    4    38     184   1.0  1.16E-03  4.92E-03  2.33E-04  0.00
  758 7.5800E+03    4    38     184   1.0  9.71E-04  5.14E-03  1.43E-05  0.00
  759 7.5900E+03    4    38     184   1.0  1.04E-03  5.04E-03  3.92E-06  0.00
  760 7.6000E+03    4    39     183   1.0  9.80E-04  5.06E-03  1.17E-05  0.00
  761 7.6100E+03    4    39     183   1.0  1.15E-03  5.12E-03  1.10E-06  0.00
  762 7.6200E+03    4    39     183   1.0  1.14E-03  5.19E-03  3.21E-06  0.00
  763 7.6300E+03    4    39     183   1.0  1.12E-03  5.32E-03  4.92E-05  0.00
  764 7.6400E+03    4    39     183   1.0  1.09E-03  5.49E-03  7.67E-06  0.00
  765 7.6500E+03    4    39     183   1.0  3.10E-03  5.60E-03  2.24E-05  0.00
  766 7.6600E+03    4    39     183   1.0  2.88E-03  5.68E-03  2.09E-05  0.00
  767 7.6700E+03    4    39     183   1.0  2.42E-03  5.83E-03  3.60E-05  0.00
  768 7.6800E+03    4    39     183   1.0  2.19E-03  5.22E-03  7.45E-05  0.00
  769 7.6900E+03    4    39     183   1.0  1.86E-03  5.18E-03  4.25E-05  0.00
  770 7.7000E+03    4    39     183   1.0  1.69E-03  5.37E-03  6.07E-06  0.00
  771 7.7100E+03    4    39     183   1.0  1.60E-03  5.21E-03  1.24E-05  0.00
  772 7.7200E+03    4    39     183   1.0  1.58E-03  5.50E-03  1.57E-05  0.00
  773 7.7300E+03    4    39     183   1.0  1.78E-03  5.65E-03  1.01E-04  0.00
  774 7.7400E+03    4    39     183   1.0  1.73E-03  5.67E-03  5.22E-05  0.00
  775 7.7500E+03    4    39     183   1.0  1.74E-03  5.82E-03  4.93E-05  0.00
  776 7.7600E+03    4    39     183   1.0  1.69E-03  6.03E-03  2.12E-07  0.00
  777 7.7700E+03    4    39     183   1.0  1.54E-03  5.90E-03  3.74E-06  0.00
  778 7.7800E+03    4    39     183   1.0  1.58E-03  5.40E-03  5.58E-05  0.00
  779 7.7900E+03    4    39     183   1.0  1.42E-03  5.56E-03  5.37E-05  0.00
  780 7.8000E+03    4    40     184   1.0  1.40E-03  5.26E-03  1.30E-06  0.00
  781 7.8100E+03    4    40     184   1.0  1.21E-03  4.90E-03  4.34E-06  0.00
  782 7.8200E+03    4    40     184   1.0  1.11E-03  5.01E-03  1.30E-05  0.00
  783 7.8300E+03    4    40     184   1.0  1.13E-03  5.29E-03  6.07E-06  0.00
  784 7.8400E+03    4    40     184   1.0  1.18E-03  5.21E-03  3.38E-05  0.00
  785 7.8500E+03    4    40     184   1.0  1.15E-03  4.94E-03  1.64E-06  0.00
  786 7.8600E+03    4    40     184   1.0  9.77E-04  4.79E-03  1.96E-06  0.00
  787 7.8700E+03    4    40     184   1.0  9.51E-04  4.55E-03  3.54E-06  0.00
  788 7.8800E+03    4    40     184   1.0  9.65E-04  4.38E-03  3.22E-06  0.00
  789 7.8900E+03    4    40     184   1.0  9.74E-04  4.55E-03  7.92E-06  0.00
  790 7.9000E+03    4    40     184   1.0  9.17E-04  5.01E-03  1.90E-05  0.00
  791 7.9100E+03    4    40     184   1.0  9.09E-04  5.17E-03  8.71E-07  0.00
  792 7.9200E+03    4    40     184   1.0  9.27E-04  5.04E-03  1.24E-05  0.00
  793 7.9300E+03    4    40     184   1.0  9.68E-04  4.89E-03  2.81E-07  0.00
  794 7.9400E+03    4    40     184   1.0  9.69E-04  4.70E-03  1.14E-06  0.00
  795 7.9500E+03    4    40     184   1.0  9.26E-04  4.50E-03  1.68E-06  0.00
  796 7.9600E+03    4    40     184   1.0  9.35E-04  4.41E-03  8.75E-06  0.00
  797 7.9700E+03    4    40     184   1.0  9.53E-04  4.52E-03  1.36E-05  0.00
  798 7.9800E+03    4    40     184   1.0  9.55E-04  4.62E-03  6.26E-06  0.00
  799 7.9900E+03    4    40     184   1.0  8.65E-04  4.71E-03  7.30E-06  0.00
  800 8.0000E+03    4    41     184   1.0  7.40E-04  4.74E-03  1.77E-05  0.00
  801 8.0100E+03    5    41     184   1.0  7.51E-04  4.80E-03  1.94E-05  0.00
  802 8.0200E+03    5    41     184   1.0  7.42E-04  5.06E-03  1.83E-04  0.00
  803 8.0300E+03    5    41     184   1.0  7.91E-04  5.14E-03  3.34E-06  0.00
  804 8.0400E+03    5    41     184   1.0  7.65E-04  5.08E-03  7.08E-06  0.00
  805 8.0500E+03    5    41     184   1.0  7.84E-04  4.95E-03  1.23E-05  0.00
  806 8.0600E+03    5    41     184   1.0  8.39E-04  5.01E-03  5.62E-06  0.00
  807 8.0700E+03    5    41     184   1.0  9.81E-04  5.15E-03  2.03E-06  0.00
  808 8.0800E+03    5    41     184   1.0  9.05E-04  5.37E-03  1.14E-06  0.00
  809 8.0900E+03    5    41     184   1.0  8.53E-04  5.68E-03  5.77E-05  0.00
  810 8.1000E+03    5    41     184   1.0  8.64E-04  6.08E-03  1.94E-06  0.00
  811 8.1100E+03    5    41     184   1.0  8.85E-04  6.54E-03  6.36E-06  0.00
  812 8.1200E+03    5    41     184   1.0  9.58E-04  6.90E-03  2.42E-06  0.00
  813 8.1300E+03    5    41     184   1.0  9.78E-04  7.38E-03  5.70E-05  0.00
  814 8.1400E+03    5    41     184   1.0  9.89E-04  7.99E-03  3.53E-05  0.00
  815 8.1500E+03    5    41     184   1.0  1.15E-03  8.68E-03  1.17E-04  0.00
  816 8.1600E+03    5    41     184   1.0  1.23E-03  9.40E-03  2.03E-05  0.00
  817 8.1700E+03    5    41     184   1.0  1.16E-03  1.00E-02  1.70E-05  0.00
  818 8.1800E+03    5    41     184   1.0  1.17E-03  1.05E-02  7.77E-05  0.00
  819 8.1900E+03    5    41     184   1.0  1.28E-03  1.07E-02  4.63E-05  0.00
  820 8.2000E+03    5    42     184   1.0  1.42E-03  1.07E-02  1.85E-05  0.00
  821 8.2100E+03    5    42     184   1.0  1.42E-03  1.07E-02  7.03E-06  0.00
  822 8.2200E+03    5    42     184   1.0  1.59E-03  1.08E-02  1.14E-05  0.00
  823 8.2300E+03    5    42     184   1.0  1.74E-03  1.12E-02  8.52E-05  0.00
  824 8.2400E+03    5    42     184   1.0  1.94E-03  1.14E-02  2.45E-05  0.00
  825 8.2500E+03    5    42     184   1.0  2.04E-03  1.15E-02  1.13E-04  0.00
  826 8.2600E+03    5    42     184   1.0  2.01E-03  1.15E-02  6.68E-06  0.00
  827 8.2700E+03    5    42     184   1.0  2.02E-03  1.13E-02  7.71E-06  0.00
  828 8.2800E+03    5    42     184   1.0  2.40E-03  1.14E-02  1.62E-04  0.00
  829 8.2900E+03    5    42     184   1.0  3.48E-03  1.14E-02  7.89E-06  0.00
  830 8.3000E+03    5    42     184   1.0  3.24E-03  1.14E-02  2.85E-06  0.00
  831 8.3100E+03    5    42     184   1.0  3.17E-03  1.12E-02  4.08E-05  0.00
  832 8.3200E+03    5    42     184   1.0  3.15E-03  9.99E-03  1.73E-05  0.00
  833 8.3300E+03    5    42     184   1.0  2.89E-03  9.46E-03  2.68E-05  0.00
  834 8.3400E+03    5    42     184   1.0  2.74E-03  1.01E-02  1.09E-05  0.00
  835 8.3500E+03    5    42     184   1.0  2.66E-03  1.08E-02  1.78E-05  0.00
  836 8.3600E+03    5    42     184   1.0  2.52E-03  9.58E-03  2.25E-05  0.00
  837 8.3700E+03    5    42     184   1.0  2.32E-03  8.77E-03  3.17E-04  0.00
  838 8.3800E+03    5    42     184   1.0  2.47E-03  8.61E-03  4.23E-05  0.00
  839 8.3900E+03    5    42     184   1.0  2.07E-03  8.51E-03  6.51E-06  0.00
  840 8.4000E+03    5    43     184   1.0  1.82E-03  8.21E-03  7.44E-06  0.00
  841 8.4100E+03    5    43     184   1.0  1.83E-03  7.64E-03  1.14E-05  0.00
  842 8.4200E+03    5    43     184   1.0  1.68E-03  6.30E-03  7.57E-07  0.00
  843 8.4300E+03    5    43     184   1.0  1.47E-03  5.72E-03  1.70E-05  0.00
  844 8.4400E+03    5    43     184   1.0  1.49E-03  6.51E-03  1.76E-05  0.00
  845 8.4500E+03    5    43     184   1.0  1.47E-03  6.68E-03  1.89E-05  0.00
  846 8.4600E+03    5    43     184   1.0  1.31E-03  5.78E-03  3.44E-06  0.00
  847 8.4700E+03    5    43     184   1.0  1.29E-03  5.06E-03  1.74E-05  0.00
  848 8.4800E+03    5    43     184   1.0  1.36E-03  5.12E-03  7.20E-06  0.00
  849 8.4900E+03    5    43     184   1.0  1.24E-03  5.20E-03  9.78E-06  0.00
  850 8.5000E+03    5    43     184   1.0  1.09E-03  4.86E-03  2.14E-04  0.00
  851 8.5100E+03    5    43     184   1.0  9.29E-04  4.67E-03  2.35E-05  0.00
  852 8.5200E+03    5    43     184   1.0  8.24E-04  4.75E-03  1.66E-05  0.00
  853 8.5300E+03    5    43     184   1.0  8.22E-04  4.94E-03  3.61E-06  0.00
  854 8.5400E+03    5    43     184   1.0  8.45E-04  5.11E-03  1.28E-05  0.00
  855 8.5500E+03    5    43     184   1.0  8.60E-04  5.18E-03  6.78E-06  0.00
  856 8.5600E+03    5    43     184   1.0  8.71E-04  5.34E-03  1.60E-06  0.00
  857 8.5700E+03    5    43     184   1.0  8.37E-04  5.42E-03  6.66E-06  0.00
  858 8.5800E+03    5    43     184   1.0  8.54E-04  5.22E-03  2.91E-06  0.00
  859 8.5900E+03    5    43     184   1.0  8.80E-04  4.87E-03  2.46E-05  0.00
  860 8.6000E+03    5    44     183   1.0  9.00E-04  4.50E-03  2.91E-06  0.00
  861 8.6100E+03    5    44     183   1.0  8.89E-04  4.33E-03  9.63E-06  0.00
  862 8.6200E+03    5    44     183   1.0  8.77E-04  4.34E-03  2.47E-04  0.00
  863 8.6300E+03    5    44     183   1.0  8.66E-04  4.42E-03  6.65E-04  0.00
  864 8.6400E+03    5    44     183   1.0  8.89E-04  4.56E-03  3.32E-06  0.00
  865 8.6500E+03    5    44     183   1.0  8.88E-04  4.70E-03  5.59E-06  0.00
  866 8.6600E+03    5    44     183   1.0  9.14E-04  4.72E-03  2.89E-06  0.00
  867 8.6700E+03    5    44     183   1.0  8.92E-04  4.66E-03  6.54E-06  0.00
  868 8.6800E+03    5    44     183   1.0  8.49E-04  4.58E-03  3.43E-07  0.00
  869 8.6900E+03    5    44     183   1.0  8.56E-04  4.55E-03  2.17E-06  0.00
  870 8.7000E+03    5    44     183   1.0  8.44E-04  4.66E-03  1.03E-05  0.00
  871 8.7100E+03    5    44     183   1.0  8.44E-04  4.81E-03  1.74E-06  0.00
  872 8.7200E+03    5    44     183   1.0  8.85E-04  4.84E-03  2.48E-06  0.00
  873 8.7300E+03    5    44     183   1.0  9.34E-04  4.80E-03  5.20E-06  0.00
  874 8.7400E+03    5    44     183   1.0  9.56E-04  4.75E-03  5.13E-06  0.00
  875 8.7500E+03    5    44     183   1.0  1.04E-03  4.65E-03  2.14E-06  0.00
  876 8.7600E+03    5    44     183   1.0  1.06E-03  4.49E-03  1.68E-05  0.00
  877 8.7700E+03    5    44     183   1.0  1.02E-03  4.34E-03  2.09E-05  0.00
  878 8.7800E+03    5    44     183   1.0  1.07E-03  4.15E-03  5.57E-06  0.00
  879 8.7900E+03    5    44     183   1.0  1.11E-03  4.01E-03  3.31E-06  0.00
  880 8.8000E+03    5    45     183   1.0  1.13E-03  4.22E-03  9.16E-06  0.00
  881 8.8100E+03    5    45     183   1.0  1.08E-03  4.56E-03  1.94E-06  0.00
  882 8.8200E+03    5    45     183   1.0  1.07E-03  4.85E-03  1.74E-06  0.00
  883 8.8300E+03    5    45     183   1.0  1.07E-03  5.14E-03  2.68E-05  0.00
  884 8.8400E+03    5    45     183   1.0  1.11E-03  5.23E-03  2.31E-06  0.00
  885 8.8500E+03    5    45     183   1.0  1.12E-03  5.56E-03  9.35E-06  0.00
  886 8.8600E+03    5    45     183   1.0  1.30E-03  5.67E-03  1.00E-05  0.00
  887 8.8700E+03    5    45     183   1.0  1.34E-03  5.75E-03  5.58E-06  0.00
  888 8.8800E+03    5    45     183   1.0  1.42E-03  5.71E-03  9.89E-06  0.00
  889 8.8900E+03    5    45     183   1.0  1.30E-03  5.63E-03  8.71E-06  0.00
  890 8.9000E+03    5    45     183   1.0  1.31E-03  5.46E-03  2.10E-05  0.00
  891 8.9100E+03    5    45     183   1.0  1.18E-03  5.59E-03  1.79E-05  0.00
  892 8.9200E+03    5    45     183   1.0  1.15E-03  5.67E-03  1.85E-06  0.00
  893 8.9300E+03    5    45     183   1.0  1.20E-03  5.72E-03  6.72E-07  0.00
  894 8.9400E+03    5    45     183   1.0  1.30E-03  5.67E-03  5.72E-06  0.00
  895 8.9500E+03    5    45     183   1.0  1.34E-03  5.93E-03  2.30E-05  0.00
  896 8.9600E+03    5    45     183   1.0  1.30E-03  6.22E-03  1.83E-05  0.00
  897 8.9700E+03    5    45     183   1.0  1.30E-03  6.41E-03  4.85E-06  0.00
  898 8.9800E+03    5    45     183   1.0  1.33E-03  6.59E-03  3.61E-06  0.00
  899 8.9900E+03    5    45     183   1.0  1.33E-03  6.65E-03  5.00E-06  0.00
  900 9.0000E+03    5    46     183   1.0  1.36E-03  6.76E-03  1.75E-05  0.00
  901 9.0100E+03    5    46     183   1.0  1.40E-03  6.88E-03  1.46E-05  0.00
  902 9.0200E+03    5    46     183   1.0  1.38E-03  6.91E-03  1.36E-05  0.00
  903 9.0300E+03    5    46     183   1.0  1.35E-03  6.88E-03  3.97E-06  0.00
  904 9.0400E+03    5    46     183   1.0  1.97E-03  6.77E-03  1.05E-05  0.00
  905 9.0500E+03    5    46     183   1.0  3.59E-03  6.29E-03  1.80E-05  0.00
  906 9.0600E+03    5    46     183   1.0  2.66E-03  7.44E-03  4.04E-05  0.00
  907 9.0700E+03    5    46     183   1.0  2.58E-03  7.20E-03  1.38E-05  0.00
  908 9.0800E+03    5    46     183   1.0  2.34E-03  7.36E-03  1.28E-04  0.00
  909 9.0900E+03    5    46     183   1.0  2.82E-03  6.95E-03  2.75E-05  0.00
  910 9.1000E+03    5    46     183   1.0  2.49E-03  7.25E-03  1.06E-04  0.00
  911 9.1100E+03    5    46     183   1.0  2.22E-03  7.58E-03  2.21E-06  0.00
  912 9.1200E+03    5    46     183   1.0  3.52E-03  7.14E-03  1.99E-05  0.00
  913 9.1300E+03    5    46     183   1.0  3.83E-03  7.89E-03  2.77E-06  0.00
  914 9.1400E+03    5    46     183   1.0  3.51E-03  8.16E-03  2.65E-05  0.00
  915 9.1500E+03    5    46     183   1.0  3.23E-03  8.16E-03  2.52E-05  0.00
  916 9.1600E+03    5    46     183   1.0  2.73E-03  7.95E-03  2.51E-05  0.00
  917 9.1700E+03    5    46     183   1.0  2.87E-03  7.41E-03  3.18E-05  0.00
  918 9.1800E+03    5    46     183   1.0  2.79E-03  7.33E-03  4.47E-04  0.00
  919 9.1900E+03    5    46     183   1.0  2.52E-03  7.31E-03  6.56E-05  0.00
  920 9.2000E+03    5    47     183   1.0  2.31E-03  7.48E-03  2.38E-05  0.00
  921 9.2100E+03    5    47     183   1.0  2.23E-03  7.61E-03  2.18E-04  0.00
  922 9.2200E+03    5    47     183   1.0  2.24E-03  7.79E-03  6.78E-06  0.00
  923 9.2300E+03    5    47     183   1.0  1.95E-03  8.07E-03  1.65E-06  0.00
  924 9.2400E+03    5    47     183   1.0  1.87E-03  7.93E-03  7.46E-07  0.00
  925 9.2500E+03    5    47     183   1.0  1.81E-03  7.79E-03  9.29E-06  0.00
  926 9.2600E+03    5    47     183   1.0  1.75E-03  7.72E-03  1.52E-05  0.00
  927 9.2700E+03    5    47     183   1.0  1.63E-03  7.74E-03  2.33E-05  0.00
  928 9.2800E+03    5    47     183   1.0  1.55E-03  7.68E-03  2.65E-05  0.00
  929 9.2900E+03    5    47     183   1.0  1.59E-03  7.65E-03  1.69E-05  0.00
  930 9.3000E+03    5    47     183   1.0  1.57E-03  7.81E-03  9.70E-06  0.00
  931 9.3100E+03    5    47     183   1.0  1.60E-03  7.70E-03  9.50E-06  0.00
  932 9.3200E+03    5    47     183   1.0  1.64E-03  7.84E-03  1.42E-04  0.00
  933 9.3300E+03    5    47     183   1.0  1.89E-03  8.03E-03  1.78E-06  0.00
  934 9.3400E+03    5    47     183   1.0  2.28E-03  7.93E-03  1.14E-05  0.00
  935 9.3500E+03    5    47     183   1.0  1.73E-03  8.59E-03  8.18E-06  0.00
  936 9.3600E+03    5    47     183   1.0  1.75E-03  8.53E-03  4.06E-05  0.00
  937 9.3700E+03    5    47     183   1.0  1.83E-03  8.47E-03  4.90E-07  0.00
  938 9.3800E+03    5    47     183   1.0  1.98E-03  8.53E-03  2.67E-05  0.00
  939 9.3900E+03    5    47     183   1.0  1.82E-03  8.78E-03  1.77E-05  0.00
  940 9.4000E+03    5    48     182   1.0  1.71E-03  8.92E-03  7.66E-07  0.00
  941 9.4100E+03    5    48     182   1.0  1.83E-03  8.79E-03  1.91E-05  0.00
  942 9.4200E+03    5    48     182   1.0  1.76E-03  8.99E-03  5.54E-06  0.00
  943 9.4300E+03    5    48     182   1.0  1.77E-03  9.06E-03  7.32E-06  0.00
  944 9.4400E+03    5    48     182   1.0  1.81E-03  9.21E-03  5.60E-06  0.00
  945 9.4500E+03    5    48     182   1.0  1.81E-03  9.33E-03  6.69E-06  0.00
  946 9.4600E+03    5    48     182   1.0  2.22E-03  9.33E-03  3.66E-04  0.00
  947 9.4700E+03    5    48     182   1.0  4.20E-03  9.03E-03  1.77E-05  0.00
  948 9.4800E+03    5    48     182   1.0  3.15E-03  9.98E-03  9.46E-05  0.00
  949 9.4900E+03    5    48     182   1.0  3.06E-03  9.82E-03  4.83E-05  0.00
  950 9.5000E+03    5    48     182   1.0  2.86E-03  1.00E-02  1.91E-05  0.00
  951 9.5100E+03    5    48     182   1.0  3.25E-03  9.76E-03  2.20E-05  0.00
  952 9.5200E+03    5    48     182   1.0  2.86E-03  1.01E-02  5.12E-05  0.00
  953 9.5300E+03    5    48     182   1.0  2.76E-03  1.02E-02  5.66E-06  0.00
  954 9.5400E+03    5    48     182   1.0  2.64E-03  1.02E-02  5.37E-05  0.00
  955 9.5500E+03    5    48     182   1.0  2.58E-03  1.03E-02  8.37E-06  0.00
  956 9.5600E+03    5    48     182   1.0  2.42E-03  1.05E-02  3.42E-05  0.00
  957 9.5700E+03    5    48     182   1.0  2.51E-03  1.05E-02  1.58E-05  0.00
  958 9.5800E+03    5    48     182   1.0  2.78E-03  1.06E-02  2.91E-05  0.00
  959 9.5900E+03    5    48     182   1.0  2.94E-03  1.05E-02  1.82E-05  0.00
  960 9.6000E+03    5    49     182   1.0  3.61E-03  1.08E-02  8.34E-06  0.00
  961 9.6100E+03    5    49     182   1.0  4.18E-03  1.16E-02  3.77E-04  0.00
  962 9.6200E+03    5    49     182   1.0  4.02E-03  1.12E-02  7.15E-06  0.00
  963 9.6300E+03    5    49     182   1.0  3.51E-03  1.06E-02  3.17E-05  0.00
  964 9.6400E+03    5    49     182   1.0  3.95E-03  1.01E-02  7.42E-05  0.00
  965 9.6500E+03    5    49     182   1.0  4.40E-03  9.63E-03  3.49E-05  0.00
  966 9.6600E+03    5    49     182   1.0  4.11E-03  1.03E-02  3.84E-05  0.00
  967 9.6700E+03    5    49     182   1.0  3.90E-03  8.58E-03  4.35E-05  0.00
  968 9.6800E+03    5    49     182   1.0  3.37E-03  8.16E-03  1.80E-04  0.00
  969 9.6900E+03    5    49     182   1.0  3.25E-03  7.33E-03  4.52E-05  0.00
  970 9.7000E+03    5    49     182   1.0  2.89E-03  7.61E-03  2.86E-05  0.00
  971 9.7100E+03    5    49     182   1.0  2.98E-03  5.98E-03  3.70E-05  0.00
  972 9.7200E+03    5    49     182   1.0  2.54E-03  6.07E-03  1.70E-04  0.00
  973 9.7300E+03    5    49     182   1.0  2.24E-03  6.20E-03  1.17E-05  0.00
  974 9.7400E+03    5    49     182   1.0  2.07E-03  5.14E-03  3.79E-06  0.00
  975 9.7500E+03    5    49     182   1.0  1.84E-03  5.13E-03  7.74E-05  0.00
  976 9.7600E+03    5    49     182   1.0  1.66E-03  5.08E-03  2.51E-05  0.00
  977 9.7700E+03    5    49     182   1.0  1.65E-03  5.08E-03  3.24E-05  0.00
  978 9.7800E+03    5    49     182   1.0  1.55E-03  5.63E-03  6.52E-05  0.00
  979 9.7900E+03    5    49     182   1.0  1.43E-03  5.38E-03  2.79E-04  0.00
  980 9.8000E+03    5    50     180   1.0  1.51E-03  5.11E-03  5.58E-06  0.00
  981 9.8100E+03    5    50     180   1.0  1.42E-03  4.98E-03  5.01E-06  0.00
  982 9.8200E+03    5    50     180   1.0  1.26E-03  5.17E-03  4.61E-06  0.00
  983 9.8300E+03    5    50     180   1.0  1.23E-03  5.07E-03  5.61E-06  0.00
  984 9.8400E+03    5    50     180   1.0  1.04E-03  5.31E-03  4.01E-06  0.00
  985 9.8500E+03    5    50     180   1.0  1.15E-03  4.95E-03  2.39E-05  0.00
  986 9.8600E+03    5    50     180   1.0  1.26E-03  4.77E-03  4.44E-07  0.00
  987 9.8700E+03    5    50     180   1.0  1.26E-03  4.70E-03  1.76E-05  0.00
  988 9.8800E+03    5    50     180   1.0  1.33E-03  4.57E-03  1.73E-05  0.00
  989 9.8900E+03    5    50     180   1.0  1.13E-03  4.53E-03  1.32E-05  0.00
  990 9.9000E+03    5    50     180   1.0  1.03E-03  4.67E-03  1.95E-06  0.00
  991 9.9100E+03    5    50     180   1.0  9.73E-04  4.69E-03  3.05E-05  0.00
  992 9.9200E+03    5    50     180   1.0  9.81E-04  4.57E-03  3.34E-05  0.00
  993 9.9300E+03    5    50     180   1.0  1.34E-03  4.74E-03  1.71E-06  0.00
  994 9.9400E+03    5    50     180   1.0  1.40E-03  5.15E-03  1.19E-05  0.00
  995 9.9500E+03    5    50     180   1.0  1.22E-03  5.58E-03  1.20E-06  0.00
  996 9.9600E+03    5    50     180   1.0  1.23E-03  5.59E-03  1.74E-06  0.00
  997 9.9700E+03    5    50     180   1.0  1.21E-03  5.36E-03  2.51E-06  0.00
  998 9.9800E+03    5    50     180   1.0  1.19E-03  5.14E-03  4.31E-06  0.00
  999 9.9900E+03    5    50     180   1.0  1.14E-03  4.91E-03  2.78E-05  0.00
 1000 1.0000E+04    5    51     181   1.0  1.16E-03  4.64E-03  3.35E-06  0.00
 1001 1.0010E+04    5    51     181   1.0  1.07E-03  4.62E-03  9.40E-07  0.00
 1002 1.0020E+04    5    51     181   1.0  1.09E-03  4.53E-03  2.12E-06  0.00
 1003 1.0030E+04    5    51     181   1.0  1.08E-03  4.49E-03  3.85E-06  0.00
 1004 1.0040E+04    5    51     181   1.0  1.11E-03  4.46E-03  8.91E-06  0.00
 1005 1.0050E+04    5    51     181   1.0  1.15E-03  4.45E-03  1.68E-05  0.00
 1006 1.0060E+04    5    51     181   1.0  1.07E-03  4.49E-03  1.36E-05  0.00
 1007 1.0070E+04    5    51     181   1.0  1.03E-03  4.41E-03  3.30E-06  0.00
 1008 1.0080E+04    5    51     181   1.0  9.57E-04  4.30E-03  2.16E-06  0.00
 1009 1.0090E+04    5    51     181   1.0  9.85E-04  4.08E-03  3.52E-06  0.00
 1010 1.0100E+04    5    51     181   1.0  9.87E-04  3.79E-03  4.42E-06  0.00
 1011 1.0110E+04    5    51     181   1.0  1.03E-03  3.70E-03  4.60E-07  0.00
 1012 1.0120E+04    5    51     181   1.0  1.05E-03  3.79E-03  1.93E-05  0.00
 1013 1.0130E+04    5    51     181   1.0  1.08E-03  3.86E-03  9.13E-06  0.00
 1014 1.0140E+04    5    51     181   1.0  1.04E-03  4.00E-03  1.10E-06  0.00
 1015 1.0150E+04    6    51     181   1.0  1.01E-03  4.25E-03  2.24E-06  0.00
 1016 1.0160E+04    6    51     181   1.0  1.03E-03  4.25E-03  5.03E-06  0.00
 1017 1.0170E+04    6    51     181   1.0  9.50E-04  3.90E-03  1.25E-04  0.00
 1018 1.0180E+04    6    51     181   1.0  8.61E-04  3.57E-03  3.56E-05  0.00
 1019 1.0190E+04    6    51     181   1.0  8.46E-04  3.23E-03  7.22E-06  0.00
 1020 1.0200E+04    6    52     180   1.0  1.50E-03  2.89E-03  2.72E-05  0.00
 1021 1.0210E+04    6    52     180   1.0  1.86E-03  2.86E-03  2.92E-06  0.00
 1022 1.0220E+04    6    52     180   1.0  1.55E-03  2.81E-03  2.12E-05  0.00
 1023 1.0230E+04    6    52     180   1.0  1.41E-03  2.92E-03  1.58E-05  0.00
 1024 1.0240E+04    6    52     180   1.0  1.39E-03  2.80E-03  2.23E-05  0.00
 1025 1.0250E+04    6    52     180   1.0  1.25E-03  2.51E-03  4.57E-05  0.00
 1026 1.0260E+04    6    52     180   1.0  1.11E-03  2.29E-03  1.82E-05  0.00
 1027 1.0270E+04    6    52     180   1.0  1.08E-03  2.36E-03  6.08E-05  0.00
 1028 1.0280E+04    6    52     180   1.0  1.27E-03  2.35E-03  7.37E-06  0.00
 1029 1.0290E+04    6    52     180   1.0  1.02E-03  2.66E-03  2.32E-05  0.00
 1030 1.0300E+04    6    52     180   1.0  1.00E-03  2.54E-03  3.04E-05  0.00
 1031 1.0310E+04    6    52     180   1.0  9.89E-04  2.38E-03  7.86E-06  0.00
 1032 1.0320E+04    6    52     180   1.0  8.50E-04  2.29E-03  2.22E-05  0.00
 1033 1.0330E+04    6    52     180   1.0  8.32E-04  2.18E-03  3.42E-05  0.00
 1034 1.0340E+04    6    52     180   1.0  7.49E-04  2.15E-03  3.06E-06  0.00
 1035 1.0350E+04    6    52     180   1.0  7.84E-04  2.01E-03  3.99E-06  0.00
 1036 1.0360E+04    6    52     180   1.0  6.88E-04  2.12E-03  1.56E-06  0.00
 1037 1.0370E+04    6    52     180   1.0  6.57E-04  2.18E-03  3.57E-05  0.00
 1038 1.0380E+04    6    52     180   1.0  6.53E-04  2.19E-03  1.26E-05  0.00
 1039 1.0390E+04    6    52     180   1.0  5.85E-04  2.27E-03  1.34E-05  0.00
 1040 1.0400E+04    6    53     180   1.0  5.38E-04  2.31E-03  3.75E-06  0.00
 1041 1.0410E+04    6    53     180   1.0  5.08E-04  2.25E-03  2.83E-07  0.00
 1042 1.0420E+04    6    53     180   1.0  5.08E-04  2.14E-03  3.60E-06  0.00
 1043 1.0430E+04    6    53     180   1.0  5.11E-04  2.02E-03  1.98E-05  0.00
 1044 1.0440E+04    6    53     180   1.0  4.58E-04  2.05E-03  2.69E-06  0.00
 1045 1.0450E+04    7    53     180   1.0  4.69E-04  2.08E-03  6.60E-07  0.00
 1046 1.0460E+04    7    53     180   1.0  6.76E-04  2.41E-03  6.67E-05  0.00
 1047 1.0470E+04    7    53     180   1.0  7.85E-04  3.07E-03  4.85E-05  0.00
 1048 1.0480E+04    7    53     180   1.0  8.60E-04  3.70E-03  4.59E-05  0.00
 1049 1.0490E+04    7    53     180   1.0  1.27E-03  4.30E-03  3.59E-05  0.00
 1050 1.0500E+04    7    53     180   1.0  1.23E-03  4.41E-03  6.31E-06  0.00
 1051 1.0510E+04    7    53     180   1.0  1.21E-03  4.70E-03  6.45E-05  0.00
 1052 1.0520E+04    7    53     180   1.0  1.21E-03  4.91E-03  1.34E-05  0.00
 1053 1.0530E+04    7    53     180   1.0  1.24E-03  5.12E-03  4.47E-06  0.00
 1054 1.0540E+04    7    53     180   1.0  1.18E-03  5.36E-03  6.43E-06  0.00
 1055 1.0550E+04    8    53     180   1.0  1.24E-03  5.31E-03  8.72E-06  0.00
