1
   256  1.46401388036705150E+01  1.46401388036705150E+01  1.00000000000000000E+00
        0.00000000000000000E+00  0.00000000000000000E+00  0.00000000000000000E+00
  4.85277651035462300E-01  9.77283385877528230E+00  1.00508391109222470E+00
  4.23782255058301960E-01  6.80613982342767800E+00  1.39550681874559900E+00
  5.66360199145834020E-01  8.64944647966687970E+00  4.58338745935686110E-01
  3.03873993631183390E-01  5.67859240759502450E-01  1.72212178766297440E+00
  5.51209621313964430E-01  4.87928895278729070E+00  4.51152984540674140E+00
  3.99644217137000450E-01  1.46052004885971480E+01  1.36306469124772160E+00
  3.68203571445767610E-01  2.83543572496328940E+00  2.44942420233309480E+00
  4.76428564711833860E-01  1.12077044240324280E+01  2.62660702495015120E+00
  3.99644217137000450E-01  1.04478097882834660E+01  4.70169568937827260E+00
  3.52097530359280420E-01  9.89495389307228020E+00  9.08862225023117180E+00
  3.52097530359280420E-01  1.27923638615507330E+00  5.68114664764299700E+00
  5.51209621313964430E-01  8.33799929392164780E+00  1.40284320461380610E+01
  5.14601645209053520E-01  3.82978528225780970E+00  4.69001719433454060E+00
  4.31657393346768890E-01  8.28270030030991930E+00  3.92355035950991610E+00
  3.32415077939048850E-01  1.48658417624466320E+00  7.11033575304768650E+00
  5.66360199145834020E-01  1.59801628912284200E+00  1.01094376967792530E+01
  3.03873993631183390E-01  5.90098977126497190E+00  1.39522106563412610E+01
  5.37810517302381900E-01  7.55500319360586570E-01  8.62716473568304560E-01
  4.43495808353686800E-01  1.29676669014645190E+01  6.95690434431986040E+00
  6.76798013306122390E-01  6.38686196509106630E+00  1.13493250314669150E+01
  5.04256127157716880E-01  3.08166140911186610E+00  1.45112037343470220E+01
  3.39573254068167340E-01  1.42272279114726900E+01  1.04354243837479770E+01
  5.37810517302381900E-01  1.06893204448543120E+01  9.48928589000160900E+00
  5.09344398601035220E-01  6.11728665443850870E+00  2.02313573875222820E+00
  3.77813528709110980E-01  9.68979200758788470E+00  1.27144561040069170E+01
  5.25698510086548420E-01  1.42980064842409130E+01  7.83107869276327670E+00
  3.52097530359280420E-01  3.68304181567532750E-01  5.47407864226033070E+00
  6.33887818117127290E-01  8.47825868455980110E+00  7.12745081658139410E+00
  5.37810517302381900E-01  1.45030113563455580E+01  6.20523632462897010E+00
  3.32415077939048850E-01  1.34757064598948450E+01  1.39862962732198530E+01
  5.37810517302381900E-01  3.49558810010818990E+00  3.06837329635638900E+00
  4.47475154528312210E-01  9.55760992622585800E+00  7.16423421096177290E+00
  5.14601645209053520E-01  1.40018457670087210E+01  1.33241741808109900E+01
  3.73093474755521990E-01  1.00962177434988710E+01  1.41915287970991420E+01
  4.11866930143960630E-01  3.58127140598580060E+00  6.68007942015053140E+00
  4.35593091641452190E-01  4.87066477900240180E+00  8.14293824433489990E-01
  4.27722430801810560E-01  8.02153080984355960E+00  1.31036401128868740E+01
  3.91193700821028260E-01  3.96783120319723000E+00  1.41240862150815080E+01
  3.24398322089623290E-01  1.87291793080986300E+00  1.16208867837115180E+01
  4.59594913921300560E-01  9.88830677356963330E+00  1.94229474787505810E+00
  6.76798013306122390E-01  1.71891734949374970E+00  3.71489368724196470E+00
  4.11866930143960630E-01  2.55480389222467790E+00  9.85045738853782460E+00
  4.39536840394549430E-01  1.19254301448202790E+01  1.00795108367055700E+00
  3.95456078881935690E-01  4.33755891799494100E-01  1.45235020030920480E+01
  4.35593091641452190E-01  1.18849967807969840E+01  1.33139287358110500E+01
  4.51480705129774580E-01  1.13304271257216450E+01  3.46864540889535890E-01
  4.85277651035462300E-01  3.24413788685850340E+00  8.45795395431273710E-01
  3.68203571445767610E-01  2.59360830891333060E+00  3.14443019843125440E+00
  6.18629963306851490E-01  4.59506948241241360E+00  2.71778249314343380E+00
  4.85277651035462300E-01  9.72103288690036040E+00  9.90711345993298490E+00
  4.39536840394549430E-01  9.19737153062433240E+00  6.33321927266997340E+00
  4.72125438730357950E-01  1.24934995615071360E+01  8.79293390303097060E+00
  7.12415049870974840E-01  5.57949834534726820E+00  9.51060530267894500E+00
  4.63716653740985760E-01  1.81645932370214600E+00  6.38676965841509060E+00
  6.05622674562866780E-01  2.42817810378561030E+00  1.56645929945759410E+00
  3.57763158026203730E-01  2.24203815878155230E+00  1.43184322910739110E+01
  4.15861254855514240E-01  9.63449291358978320E+00  4.72041584644235360E+00
  3.24398322089623290E-01  9.23555564166754730E-01  5.08904845742544780E+00
  3.46069468232182230E-01  5.59652077114023780E+00  1.19958437794901740E+01
  6.76798013306122390E-01  6.23128535179805800E-01  9.33865537551587190E+00
  3.77813528709110980E-01  6.61398300913128520E+00  1.23765221441519860E+01
  4.19830699308021500E-01  6.42775352960588280E+00  1.02561315310980530E+01
  3.91193700821028260E-01  4.21838740425299900E+00  1.76853809214523160E+00
  4.67890918638375820E-01  1.22048907234264480E+01  1.24588862632951380E+01
  5.14601645209053520E-01  8.06849507222743870E+00  1.21636267172385660E+01
  5.20046287948626680E-01  4.65863779630434660E+00  5.55852097457018070E+00
  5.31615470785720050E-01  2.78603125738166120E+00  6.18048201626905500E+00
  7.85587123177844230E-01  1.13707964434042200E+01  3.95873183722810180E+00
  7.12415049870974840E-01  3.91250683816029630E+00  1.12394697625265480E+01
  6.52521334120696220E-01  2.66012614175385180E-01  1.25877590597516420E+01
  4.35593091641452190E-01  1.21671831087361470E+01  4.94315777805314220E+00
  2.61714707402908480E-01  6.67419237938953640E+00  6.84180727762085980E+00
  4.67890918638375820E-01  7.54547939735422530E+00  7.70852930237128400E+00
  5.25698510086548420E-01  7.75210226733360570E+00  1.32897504618751290E+00
  3.91193700821028260E-01  3.23993880096937300E+00  1.03647914428875440E+01
  3.82389590076227840E-01  5.63977132891806930E+00  1.06010041689828680E+01
  5.66360199145834020E-01  1.81825287597002510E+00  8.99907908741087860E+00
  4.94520713715948280E-01  7.33893749007085020E+00  1.37234583244411080E+01
  5.74831520378236680E-01  1.37440307415228670E+01  9.59861308591258930E+00
  4.99320016236592950E-01  8.94504910123492710E+00  1.31737329452995460E+01
  4.15861254855514240E-01  8.40928657809807770E+00  3.08616611460299860E+00
  4.89844197187210640E-01  8.53556782942482610E+00  4.80874824108478640E+00
  3.15123140579539650E-01  7.27723953088228810E+00  5.94998684435461110E+00
  5.31615470785720050E-01  4.40867494535036020E+00  8.10671552515709950E+00
  3.39573254068167340E-01  9.16220316779857670E+00  7.84383025112797760E+00
  3.46069468232182230E-01  3.53065189399492720E-01  8.35380350249913310E+00
  2.88611769991816300E-01  8.83703003483893030E+00  1.23940581045882750E+01
  6.05622674562866780E-01  1.14817093291038570E+01  1.03380486380550210E+01
  4.03769922899484790E-01  1.08126703359136800E+01  6.23838142681155180E+00
  4.80809352357433890E-01  1.18170869411348980E+00  1.36032563575624600E+01
  4.51480705129774580E-01  2.54832948900500390E-01  1.36912802763127920E+01
  5.74831520378236680E-01  5.62799957273806230E+00  1.44778012236515870E-01
  3.15123140579539650E-01  1.28844929242328330E+00  1.28160868797802540E+01
  3.68203571445767610E-01  1.20894778423731090E+01  1.40905580145929200E+01
  4.89844197187210640E-01  7.42009097984992390E+00  6.74250401207462690E+00
  3.99644217137000450E-01  7.24046995599443210E+00  1.28348688204092250E+01
  5.44304387543585920E-01  7.02856043272756010E+00  9.50394546404748650E+00
  4.99320016236592950E-01  1.30939391723837970E+01  5.05481257484573110E+00
  2.88611769991816300E-01  7.24036543131808500E+00  1.21458452444823720E+01
  4.72125438730357950E-01  3.68183495131074110E+00  5.72860339012624560E+00
  5.25698510086548420E-01  1.41045986375102890E+01  5.22033055579505940E+00
  3.32415077939048850E-01  4.23006476569740380E+00  6.31656578729579450E+00
  4.51480705129774580E-01  5.14542663655334480E+00  1.12702719213719430E+01
  7.85587123177844230E-01  2.79448838434656330E+00  1.22346046034137430E+01
  4.27722430801810560E-01  1.13713658939942980E+01  6.85084419853597030E+00
  5.09344398601035220E-01  1.19253017184056100E+01  1.95449848857918860E+00
  4.19830699308021500E-01  1.26599380938089890E+01  4.24547336264160170E+00
  5.84052665650241830E-01  8.38485874175402830E+00  8.34069112928074400E+00
  3.57763158026203730E-01  6.35550384132313880E+00  8.77414010359734140E+00
  2.61714707402908480E-01  1.85030823228835130E+00  1.26869838831526440E+01
  6.33887818117127290E-01  8.22154170355451260E+00  5.88716922221613450E+00
  6.52521334120696220E-01  1.04601745460650800E+01  1.20126060564001180E+01
  5.44304387543585920E-01  6.40453880086388770E+00  1.32726047975997690E+01
  5.84052665650241830E-01  9.28676894244513210E+00  3.78522866540230090E+00
  4.07840088401265000E-01  1.00339544007189080E+01  6.45636585985802470E+00
  4.72125438730357950E-01  1.44516417498507210E+01  5.06831842812874990E-01
  3.73093474755521990E-01  4.08557072412453870E+00  1.01585000826449920E+00
  6.18629963306851490E-01  4.27683462051091200E+00  9.24872430531101490E+00
  4.39536840394549430E-01  6.57599153251555710E+00  1.42621795948266130E+01
  4.80809352357433890E-01  1.37278309652735740E+01  1.32007797994816100E+00
  4.94520713715948280E-01  1.16694312868679580E+01  1.14214540660238930E+01
  3.86843475895407530E-01  3.33274248543677220E+00  9.59300708940228830E+00
  3.95456078881935690E-01  1.18305450698296150E+01  8.23370347575511200E+00
  5.04256127157716880E-01  5.23083561498251190E+00  7.47676421371386630E+00
  4.63716653740985760E-01  4.33717790666318590E+00  7.11456608799133680E+00
  6.33887818117127290E-01  7.47813468653235080E+00  2.02666918697406690E-01
  4.03769922899484790E-01  1.69487614795805260E+00  8.75295914350543920E-01
  3.24398322089623290E-01  4.71803642168038540E+00  3.65181832835328550E+00
  3.46069468232182230E-01  5.75020664058050550E+00  1.26698134484148910E+01
  4.19830699308021500E-01  2.80311928802392970E+00  8.98541219243508850E+00
  4.07840088401265000E-01  9.40060516652197190E+00  1.19864302963330530E+01
  4.39536840394549430E-01  9.20210895445289800E+00  5.45566554779584130E+00
  3.86843475895407530E-01  8.11645860675964310E+00  2.30938045906442470E+00
  4.94520713715948280E-01  5.92218176980457840E+00  6.75974429504238560E+00
  5.20046287948626680E-01  7.20099864810439530E+00  2.26404345474904200E+00
  3.95456078881935690E-01  2.78444579650465900E+00  8.15880912342142390E+00
  4.59594913921300560E-01  1.11548937497874880E+01  7.71010688580957380E+00
  5.66360199145834020E-01  7.46656497203639710E+00  3.35151030971294040E+00
  4.76428564711833860E-01  8.83245844742385520E+00  1.02732198597693200E+01
  4.23782255058301960E-01  8.72925005130496070E+00  1.14978101442037120E+01
  4.55518508171409750E-01  1.10810624199870380E+01  1.29326699274485400E+01
  6.05622674562866780E-01  1.25939257707293790E+01  9.86312100544041570E+00
  5.94209643691275070E-01  6.48642744209128530E+00  7.68869083282888170E+00
  4.19830699308021500E-01  6.50704287441539990E+00  6.07529929969394810E-01
  3.46069468232182230E-01  1.44711493611208350E+01  3.24181189215952560E+00
  4.76428564711833860E-01  2.60511215851315070E+00  7.17045917976241930E+00
  4.89844197187210640E-01  4.77700663196567190E+00  1.04046440526280590E+01
  3.82389590076227840E-01  1.23294785890738650E+01  1.08444478874109440E+01
  2.61714707402908480E-01  1.23649108919326290E+01  3.63194179904259280E+00
  5.94209643691275070E-01  1.12145189038866370E+01  5.32800045867042370E+00
  6.18629963306851490E-01  6.83408774540691780E+00  5.12859709483291140E+00
  3.95456078881935690E-01  9.78134444871386320E+00  1.34905512356038120E+01
  3.39573254068167340E-01  1.14334381827020670E+01  1.22207332694943640E+01
  4.89844197187210640E-01  1.27623298773676820E+01  1.40950952547713680E+00
  5.09344398601035220E-01  1.34279095114585680E+01  8.49427322244214440E+00
  4.67890918638375820E-01  8.71720860975829660E+00  9.33743864957426870E+00
  6.05622674562866780E-01  9.63088781967398870E+00  1.10015232271070930E+01
  3.91193700821028260E-01  1.08893768533813650E+00  8.37951491179492440E+00
  6.52521334120696220E-01  1.01175356604384670E+01  8.10957053643723570E+00
  3.82389590076227840E-01  2.09130385920925830E+00  5.58688773836793380E+00
  5.14601645209053520E-01  6.61548314587273630E+00  4.01736202154041780E+00
  4.59594913921300560E-01  1.04206885002718170E+01  3.17925959857028320E-01
  5.58522656896212940E-01  6.94495190016466870E-01  7.51670232551133390E+00
  5.31615470785720050E-01  5.73579902120019550E+00  5.65848675435061480E+00
  3.03873993631183390E-01  1.03236191798615650E+01  1.29575551703694800E+01
  5.51209621313964430E-01  1.38296880023981220E+00  1.46138823684480260E+01
  4.07840088401265000E-01  1.44084540936772250E+01  3.99290537187369220E+00
  4.80809352357433890E-01  1.21132386990262240E+01  2.93413696886614960E+00
  3.52097530359280420E-01  1.34450335606281100E+01  7.63327656247912410E+00
  4.15861254855514240E-01  1.04647139076796200E+01  1.04149379846714770E+01
  6.18629963306851490E-01  8.85718132844391270E+00  1.62103216370887140E+00
  5.04256127157716880E-01  5.11239076632296550E+00  1.72225431650211690E+00
  5.84052665650241830E-01  1.29014108881829990E+01  1.32470727107146170E+01
  5.04256127157716880E-01  1.01399953480027830E+01  5.55114232217451600E+00
  3.68203571445767610E-01  1.05725761040735340E+01  7.03914842324922670E+00
  4.99320016236592950E-01  8.61007411587671180E-01  6.47334998162747240E+00
  4.23782255058301960E-01  4.64454259087271830E+00  1.46255810154610020E+01
  5.44304387543585920E-01  1.88447202320006820E+00  7.89091947524604190E+00
  4.47475154528312210E-01  7.11814492552805330E+00  8.51694424020131710E+00
  3.77813528709110980E-01  9.27562547966816280E+00  8.70275515325180220E+00
  3.99644217137000450E-01  7.45199565025348760E+00  1.14906353695180950E+01
  3.63113014330952930E-01  9.25328491286229490E+00  1.40589934453892710E+01
  7.85587123177844230E-01  1.33398861496839170E+01  3.25160816937038620E+00
  3.39573254068167340E-01  1.26786059938812560E+01  2.34211162041074280E+00
  4.03769922899484790E-01  3.42556007680055430E+00  1.71422315955702520E+00
  4.23782255058301960E-01  1.43157132074614730E+01  8.78006970030260270E+00
  3.57763158026203730E-01  3.96259124024591890E+00  1.01715316461385680E+01
  4.31657393346768890E-01  5.83402875581378310E+00  1.12783716809544240E+00
  4.43495808353686800E-01  2.71078022614290500E-01  4.68488339616183590E+00
  4.72125438730357950E-01  1.16866621158952080E+01  9.28140951923155910E+00
  4.55518508171409750E-01  1.23599535889785770E+01  2.28018058956486410E-01
  5.94209643691275070E-01  1.02674443504954490E+01  3.13218878671627720E+00
  4.59594913921300560E-01  1.43548535604285220E+01  1.12620986192329580E+01
  6.33887818117127290E-01  1.33452021126658380E+01  1.08455056769619830E+01
  3.24398322089623290E-01  1.01566915268542920E+01  4.04187659432812300E+00
  4.80809352357433890E-01  1.35042918902594190E+00  1.68939986635540350E+00
  3.57763158026203730E-01  7.83647052507346850E+00  9.10480188800996440E+00
  4.47475154528312210E-01  1.42033210299132800E+01  1.42637917886337990E+01
  3.82389590076227840E-01  4.03100073051280020E+00  3.81628592370759900E+00
  5.94209643691275070E-01  1.34073059745219660E+01  2.95374352246476230E-01
  4.43495808353686800E-01  6.09722582011286110E-01  3.86648612904056410E+00
  4.35593091641452190E-01  1.10865133174763880E+01  8.60182677539664550E+00
  3.63113014330952930E-01  1.33176857771539950E+01  2.05621923127027630E+00
  4.47475154528312210E-01  1.38698260125506070E+01  6.95804182022149040E+00
  5.74831520378236680E-01  4.89561454716289730E-01  1.05799291648615980E+01
  3.73093474755521990E-01  1.05422861722565100E+01  1.35952663876500510E+01
  4.27722430801810560E-01  1.35982430858681870E+00  1.10739230109620350E+01
  3.32415077939048850E-01  2.19544978262744680E+00  4.60237778257305590E+00
  4.31657393346768890E-01  7.24891170409759770E+00  1.04759321115163680E+01
  4.55518508171409750E-01  5.87607902999405950E+00  4.64501847510008400E+00
  7.85587123177844230E-01  4.93410664069119690E+00  1.34530680119727410E+01
  5.58522656896212940E-01  1.42191629790601600E+01  2.23756136206092520E+00
  4.11866930143960630E-01  2.41699621134103860E+00  4.99593419045178420E-01
  5.20046287948626680E-01  6.44340905396913580E+00  2.99771732509325660E+00
  2.88611769991816300E-01  3.79267384911166520E+00  2.29848085571409790E+00
  2.88611769991816300E-01  4.98873109469691120E+00  8.68653894157251470E+00
  4.51480705129774580E-01  1.23095057011777850E+00  1.20530672519417160E+01
  4.63716653740985760E-01  5.00897588104846920E+00  6.47653206493293610E+00
  3.15123140579539650E-01  7.76496551672720250E+00  5.05553718718577190E+00
  4.94520713715948280E-01  1.26269949074478730E+01  7.83871287275453370E+00
  3.77813528709110980E-01  5.58804926006863050E+00  2.73344558179401710E+00
  7.12415049870974840E-01  7.51774305242351380E-01  2.72056912366027780E+00
  4.85277651035462300E-01  8.07724430055489860E+00  1.08662108407836760E+01
  5.58522656896212940E-01  5.60052984481939830E+00  3.66932586479864350E+00
  4.67890918638375820E-01  7.95657607818686770E+00  9.92103171776891020E+00
  3.73093474755521990E-01  1.61456184872471270E+00  5.00137883126125620E+00
  5.44304387543585920E-01  2.18920794665347570E+00  1.34182131180531400E+01
  5.31615470785720050E-01  2.88029808309648510E+00  5.12597405087230570E+00
  4.15861254855514240E-01  6.57039090750410360E+00  6.12643404240151670E+00
  6.76798013306122390E-01  1.08733700584094510E+01  1.37812673494812010E+00
  4.27722430801810560E-01  3.51772918370122280E+00  8.53146195002701720E+00
  2.61714707402908480E-01  1.45199530017473410E+01  9.91073395789922710E+00
  5.84052665650241830E-01  2.42908874664143990E+00  1.09042754039597170E+01
  4.03769922899484790E-01  1.36984286704253240E+01  4.38485127063502040E+00
  4.76428564711833860E-01  1.12473585401512630E+01  1.40642756694975100E+01
  3.63113014330952930E-01  1.08645954627143620E+01  1.10828648135218230E+01
  3.86843475895407530E-01  1.21425941253653950E+01  7.10638786811604820E+00
  5.58522656896212940E-01  1.34190690678907190E+01  6.06002234763933690E+00
  3.86843475895407530E-01  3.88383210013874610E+00  2.56994516431194690E-01
  7.12415049870974840E-01  1.36089615412786880E+01  1.21635568799844100E+01
  4.55518508171409750E-01  3.93707609696608960E+00  1.27153375599746710E+01
  4.99320016236592950E-01  1.95188078493300420E+00  2.56221659684827290E+00
  6.52521334120696220E-01  1.22110231458478110E+01  6.07139464049790420E+00
  5.25698510086548420E-01  4.74149839107895230E+00  1.21576975529981670E+01
  4.63716653740985760E-01  5.65721603125198500E+00  8.34169819882015060E+00
  3.63113014330952930E-01  1.28120823033144620E+01  1.41879448700388270E+01
  3.15123140579539650E-01  1.07275489131192650E+00  4.46733262361722080E+00
  5.74831520378236680E-01  2.93087226254421330E+00  4.02403326434043510E+00
  5.09344398601035220E-01  3.49296986873932620E+00  7.59631870122528240E+00
  5.51209621313964430E-01  3.28254441187622570E+00  1.34776765549711400E+01
  5.20046287948626680E-01  9.25112310793743480E+00  2.68441298082137130E+00
  4.31657393346768890E-01  7.53183109749881390E+00  4.34635117661695600E+00
  4.43495808353686800E-01  1.25838148860009940E+01  1.16300674285830720E+01
  4.07840088401265000E-01  5.28073778780737160E-01  1.15608816744691740E+01
  3.03873993631183390E-01  1.46166719249895860E+01  7.03915145566167060E+00
  4.11866930143960630E-01  9.56981565362796440E+00  1.31722643166495960E-01
