1
   256  1.46547899299205024E+01  1.46547899299205024E+01  1.00000000000000000E+00
        0.00000000000000000E+00  0.00000000000000000E+00  0.00000000000000000E+00
  4.31657393346768892E-01  4.57856475796052464E+00  1.21612153418351525E+01
  5.37810517302381941E-01  1.35006658317872441E+00  9.39278864098659483E+00
  4.43495808353686793E-01  1.38502977284429587E+01  1.01178322278493109E+01
  4.51480705129774618E-01  1.24004272088478782E+01  1.39424752843799684E+01
  4.59594913921300530E-01  8.53263868661784564E+00  5.56696937035935591E+00
  7.12415049870974815E-01  1.19621149529833843E+01  6.75531818710768750E+00
  4.15861254855514229E-01  3.96392957447437588E+00  7.33495021662819813E+00
  4.94520713715948246E-01  1.30308405046253686E+01  9.66137018017695759E+00
  4.03769922899484768E-01  1.46204291339964474E+01  1.04709573534981875E+01
  6.05622674562866781E-01  1.06149614196689637E+01  6.67442001254836104E+00
  4.35593091641452157E-01  1.44147392690792238E+01  6.33523922948675455E+00
  4.23782255058301971E-01  1.19394651158002478E+01  1.21097438516936240E+01
  2.88611769991816314E-01  8.00288654268053623E-01  5.33983008180651275E+00
  4.85277651035462332E-01  2.01203575228419007E+00  6.78913052521288840E+00
  3.57763158026203731E-01  2.91229710978863210E+00  1.46459400104505000E+00
  3.99644217137000435E-01  3.93122953411913123E+00  4.93735717526513351E+00
  4.39536840394549433E-01  1.00121356585970158E+01  1.80163232722640254E+00
  5.09344398601035198E-01  4.99103203111146532E-01  1.12120010068569922E+01
  5.58522656896212943E-01  2.07164768489427731E+00  2.40159005239084999E+00
  4.19830699308021527E-01  1.00845975802635834E+01  1.07999661103856859E+01
  4.51480705129774618E-01  2.29383939534723469E+00  1.18586157065804532E+01
  6.33887818117127244E-01  3.17798573182977062E+00  9.81793103616169205E+00
  5.74831520378236704E-01  7.75824850591646964E-01  4.16716664890687608E-02
  4.47475154528312213E-01  1.41541012929784955E+01  1.02020895832823655E+00
  3.03873993631183392E-01  1.01774696564330469E+00  1.18383582820090201E+01
  4.39536840394549433E-01  2.60857092840285576E+00  1.10250500558496043E+01
  5.84052665650241831E-01  5.83517698322764300E+00  6.65971717337021474E+00
  6.33887818117127244E-01  6.97921219465503384E+00  1.05034628000666324E+01
  6.18629963306851494E-01  9.15086555309512772E-01  6.91254952352617469E+00
  2.61714707402908475E-01  1.33471908686012952E+01  1.17552957924153283E+01
  3.82389590076227859E-01  3.48862502515473993E+00  7.59916455444435646E-01
  5.66360199145834020E-01  1.45858005587343897E+00  3.35029277332725695E+00
  5.14601645209053493E-01  7.11970725276590510E+00  9.36366644842770590E+00
  4.99320016236592945E-01  2.33195702069893862E+00  5.15636409195184786E+00
  5.25698510086548443E-01  2.26130935394712429E+00  1.32201871087579370E+01
  5.51209621313964448E-01  1.87240553915526386E+00  1.44406488226933210E+01
  3.91193700821028278E-01  3.27711960497304089E+00  1.58497463599308504E-02
  7.85587123177844182E-01  1.15411178119448010E-01  1.24487805625981292E+01
  3.77813528709111002E-01  1.12353644657554730E+00  2.44058223083773695E+00
  5.84052665650241831E-01  1.17477857903779164E+01  5.21558018565698944E+00
  5.37810517302381941E-01  4.00900065433004293E+00  1.13767328981884486E+01
  5.84052665650241831E-01  5.38533225003357985E-01  1.17602603465722644E+00
  3.63113014330952943E-01  1.44571958090655652E+01  1.77197043558145051E+00
  4.19830699308021527E-01  1.40147805341488962E+00  1.68885575061089965E+00
  4.89844197187210673E-01  5.44713913777359426E+00  1.24688676472913205E+01
  3.03873993631183392E-01  6.05389933329895588E-03  4.65516106428969900E-01
  4.27722430801810549E-01  3.69432123397632095E+00  8.89042306082644274E+00
  5.66360199145834020E-01  3.13215469080923814E+00  4.39455202660710054E+00
  3.99644217137000435E-01  5.76680457465115293E+00  3.96666297924062938E+00
  4.80809352357433939E-01  1.37648983867400254E+01  6.98136270207413290E+00
  3.99644217137000435E-01  3.97508079626245658E+00  1.30444843759129814E+01
  3.82389590076227859E-01  1.34509244129425873E+01  5.30993842900895441E+00
  3.15123140579539662E-01  9.70749135874996405E+00  6.83013927419576472E+00
  4.03769922899484768E-01  3.92691915925951918E+00  6.50754581360314699E+00
  5.44304387543585899E-01  2.06517966930359043E+00  1.02049126836520241E+01
  3.86843475895407518E-01  5.18508616165157754E+00  1.00146408737892010E+01
  4.31657393346768892E-01  1.10078925943902277E+01  8.92522202246987817E+00
  4.89844197187210673E-01  7.67434065672581678E+00  1.13863598842840474E+01
  5.94209643691275047E-01  1.13547340384313955E+01  1.39476266557587358E+01
  4.39536840394549433E-01  6.92445116768937652E+00  5.67264001672482143E-01
  3.86843475895407518E-01  2.29666650812785900E+00  9.30302517441724675E+00
  4.51480705129774618E-01  2.95779116556904087E-01  9.68204303843678815E+00
  4.07840088401265011E-01  7.69434708772664333E+00  5.34408328823202083E+00
  4.67890918638375786E-01  1.10771789852158520E-01  1.37021803609315604E+01
  3.24398322089623270E-01  8.88865089735396019E+00  9.04710222753679538E+00
  5.44304387543585899E-01  2.57111590149058378E+00  6.29565160256500667E-01
  4.51480705129774618E-01  2.93990048882432076E+00  1.24894226856458950E+01
  6.05622674562866781E-01  6.77642360428903334E+00  4.91460429544233790E+00
  5.09344398601035198E-01  1.26888258890303280E+01  5.77318225791919915E+00
  3.15123140579539662E-01  4.87350381882119787E+00  1.06486957519199201E+01
  4.76428564711833868E-01  4.44047123699066493E+00  8.37984930080747148E+00
  5.31615470785720023E-01  4.51617129390805427E+00  9.38528693391019075E+00
  4.63716653740985807E-01  1.39023113537561311E+01  1.33473648107732394E+01
  4.23782255058301971E-01  4.97033726910044482E+00  1.14008128236465271E+01
  4.85277651035462332E-01  1.29278553357599844E+01  7.46368792609149967E+00
  4.67890918638375786E-01  1.29661262669871853E+01  2.34381334431948130E+00
  3.77813528709111002E-01  7.77954449846671015E+00  1.99975874404896636E+00
  4.89844197187210673E-01  5.68275752983164217E+00  4.85215094922562429E+00
  5.04256127157716838E-01  5.84620554288930094E+00  7.74795128564880109E+00
  5.04256127157716838E-01  5.37044818886021247E+00  1.34724842002283420E+01
  7.85587123177844182E-01  8.76776015097436456E+00  1.38591246306061344E+00
  5.37810517302381941E-01  6.03775497355395352E+00  2.91541393130855964E+00
  4.31657393346768892E-01  8.68574303120116120E+00  4.68470644064637742E+00
  6.76798013306122437E-01  7.00010824824714728E+00  6.17738880415365177E+00
  4.43495808353686793E-01  9.15757068818494879E+00  2.20285493587017100E-01
  4.72125438730357949E-01  6.16310143984685865E+00  9.75663411681003900E+00
  3.73093474755522014E-01  3.13923362481795332E+00  1.16796098824881174E+01
  3.46069468232182209E-01  1.26840273412134348E+01  1.24680936614724640E+01
  3.63113014330952943E-01  6.64311282873838760E+00  7.15407005391717021E+00
  5.58522656896212943E-01  5.21162329882030928E+00  1.39290596629154684E+00
  5.74831520378236704E-01  1.10423511417949598E+01  1.25487934354363517E+01
  2.88611769991816314E-01  6.45973681387052423E+00  2.20486115726001941E+00
  4.39536840394549433E-01  9.96417084200133907E+00  1.45154220596558172E+01
  3.39573254068167352E-01  6.79324465313583925E+00  1.39835920899770851E+01
  5.04256127157716838E-01  5.09583172911970195E+00  3.36103807037932079E+00
  6.52521334120696239E-01  1.02109595892195752E+01  1.34516302689662748E+01
  5.51209621313964448E-01  2.75199635218166261E+00  7.75124918100901716E+00
  4.35593091641452157E-01  7.25650496156317537E+00  1.37688983663357467E+00
  6.76798013306122437E-01  6.47653029218881393E+00  1.30177999531864099E+01
  5.58522656896212943E-01  6.25424823977080457E+00  8.72922867111221912E+00
  5.58522656896212943E-01  1.20662697369663547E+01  1.82160940655123404E+00
  3.24398322089623270E-01  9.68915406491601594E+00  1.01080392890632780E+01
  3.52097530359280431E-01  6.45327661245888784E+00  1.45859135669137707E+01
  4.80809352357433939E-01  4.33368992227401506E+00  5.72037618610071341E+00
  4.99320016236592945E-01  4.87248481538259348E+00  7.50500774520648495E+00
  3.57763158026203731E-01  3.52558399752352702E+00  3.34821633340712488E+00
  3.57763158026203731E-01  5.49331348441278156E+00  1.43418764216724011E+01
  4.63716653740985807E-01  1.29816895260188474E+01  1.32354619271949705E+01
  4.07840088401265011E-01  2.16667195202947127E+00  4.26441282732914484E+00
  5.25698510086548443E-01  1.38208484016293287E+00  4.77013442566246226E+00
  3.03873993631183392E-01  1.01404920793048383E+01  8.88635246082010610E+00
  4.27722430801810549E-01  7.64134390033141297E+00  3.64614204926335095E+00
  4.11866930143960586E-01  1.07838264270092115E+01  2.38295539364689279E+00
  6.52521334120696239E-01  7.65797326717613380E+00  7.33248403586890962E+00
  6.05622674562866781E-01  1.10710323064301051E+01  4.20421774463662690E+00
  3.39573254068167352E-01  5.09239733655765470E+00  4.26954717201617395E+00
  4.03769922899484768E-01  4.76200747290631377E+00  4.94054778437853859E+00
  2.61714707402908475E-01  9.38373486059109396E+00  4.62784048298391948E+00
  5.94209643691275047E-01  1.44275943815430061E+01  5.30552026076373728E+00
  5.66360199145834020E-01  2.60260345842143481E+00  3.39323185428923724E+00
  3.46069468232182209E-01  3.35550055170913097E+00  1.07816376787579760E+01
  5.94209643691275047E-01  5.78520753890404027E+00  1.07907114177742951E+01
  4.07840088401265011E-01  5.31766430372471355E+00  8.49129430021192100E+00
  4.23782255058301971E-01  2.86002568225809872E+00  8.72021310137295735E+00
  2.88611769991816314E-01  8.33880992445677549E+00  4.01064502234209030E-01
  5.31615470785720023E-01  9.96271416849169889E+00  8.31753884327662174E-01
  3.99644217137000435E-01  9.58369073219992984E+00  9.31634961281361385E+00
  3.63113014330952943E-01  1.30230726102472918E+01  6.57906100239166225E+00
  4.47475154528312213E-01  4.27271272027934312E+00  1.03169796990151807E+00
  4.94520713715948246E-01  3.82906643482387743E+00  1.39779682768163749E+01
  3.77813528709111002E-01  1.26953380154919255E+01  1.17363094415465330E+01
  4.72125438730357949E-01  8.89005070674848241E+00  9.84437189984271832E+00
  4.11866930143960586E-01  1.04882691164635808E+01  8.26079944739005612E+00
  6.18629963306851494E-01  8.92905406110020650E+00  7.34576229498018929E+00
  4.35593091641452157E-01  7.75016052560801239E+00  4.50255784377711343E+00
  7.12415049870974815E-01  8.45938131874731880E+00  2.85200581534902442E+00
  4.63716653740985807E-01  4.79370115495811255E+00  6.54526093520697660E+00
  3.73093474755522014E-01  2.40437275576355480E+00  6.02572469501603081E+00
  3.91193700821028278E-01  5.44291023585329636E+00  9.28050793199114921E+00
  5.51209621313964448E-01  8.43118926031925042E+00  1.33757605309910694E+01
  4.27722430801810549E-01  2.76264074832038764E+00  1.40335506980452660E+01
  5.44304387543585899E-01  9.45961491959993062E+00  8.38060022298450491E+00
  3.39573254068167352E-01  8.32886376035613019E+00  3.98679966042514167E+00
  5.20046287948626729E-01  1.27467586921553533E+01  4.74543843983202063E+00
  4.72125438730357949E-01  9.64601327897736738E+00  6.04534358540919747E+00
  3.63113014330952943E-01  9.28200384521382382E+00  1.30411339240638355E+01
  3.82389590076227859E-01  8.84690616692512855E+00  6.34811442785953606E+00
  3.24398322089623270E-01  1.41533069840980676E+01  3.74515177849410019E+00
  3.32415077939048842E-01  1.19999505329928660E+01  4.33443892548283038E+00
  5.20046287948626729E-01  8.39569451590058513E+00  8.35176008191606556E+00
  4.47475154528312213E-01  4.23326861969521939E+00  2.88172283363104587E+00
  6.52521334120696239E-01  1.05168875569585047E+01  5.33375068110452322E+00
  6.33887818117127244E-01  3.26405721812611693E+00  2.39172201591320155E+00
  4.85277651035462332E-01  1.09135743651487829E+01  1.04366582791887055E+01
  4.99320016236592945E-01  1.33458727879159582E+01  5.27104112634874555E-01
  7.85587123177844182E-01  8.91758324845188888E+00  1.11017587051498197E+01
  4.59594913921300530E-01  4.15922213106909400E+00  1.03249603021631646E+01
  5.31615470785720023E-01  9.19054630918602555E+00  3.85843186965217111E+00
  4.07840088401265011E-01  4.88827984906858859E+00  4.37905487886996736E-01
  6.76798013306122437E-01  1.40926080909990485E+01  2.74583851858358807E+00
  5.09344398601035198E-01  5.80356292103170457E+00  4.96775175015732207E-01
  5.84052665650241831E-01  4.21078261586044977E+00  3.99429242174452126E+00
  4.85277651035462332E-01  1.02779653738640526E+01  3.45512349827821286E+00
  5.37810517302381941E-01  6.68443085918875113E+00  3.77490146133179572E+00
  5.09344398601035198E-01  1.69158559607127335E+00  7.73068228133366553E+00
  4.59594913921300530E-01  1.35172623936289753E+01  1.24598953312323424E+01
  6.76798013306122437E-01  1.19247382447227430E+01  1.10092823120785273E+01
  4.99320016236592945E-01  7.52932775988396763E+00  1.45040166023338362E+01
  3.68203571445767597E-01  1.18691000799758086E+01  3.64616345598983971E+00
  3.91193700821028278E-01  6.72803616982044428E+00  7.90355142521088272E+00
  4.76428564711833868E-01  8.10903844575066657E+00  9.30610126148501848E+00
  5.74831520378236704E-01  3.27967696790902208E+00  5.66193644736733592E+00
  3.68203571445767597E-01  9.41244049431741736E+00  2.34273060486350149E+00
  7.12415049870974815E-01  1.40236303602779877E+01  8.97505162247527721E+00
  3.86843475895407518E-01  7.73837306211223730E+00  7.10411024130091828E-01
  5.94209643691275047E-01  7.15704949056511985E+00  2.74628152862153430E+00
  6.33887818117127244E-01  6.59907366093707282E+00  1.17128967026507667E+01
  4.63716653740985807E-01  1.20983745135357150E+01  9.88204591710461067E+00
  4.94520713715948246E-01  1.11782692876574465E+01  7.67306956433285148E+00
  3.03873993631183392E-01  5.96341871460339901E-01  2.95459498973028500E+00
  5.51209621313964448E-01  1.55903061626840422E+00  1.11764464147212479E+01
  3.46069468232182209E-01  3.61599296524637559E+00  1.47715433297953713E+00
  3.39573254068167352E-01  9.50189217884346427E+00  3.04482142024752855E+00
  3.68203571445767597E-01  1.12933513175198961E+01  9.67237566223329814E+00
  4.11866930143960586E-01  1.46328555457539959E+01  4.30378295459404292E+00
  3.95456078881935680E-01  3.75947893507250219E+00  1.22760441316685061E+01
  3.95456078881935680E-01  8.05961938865304006E+00  6.34737452162333593E+00
  3.15123140579539662E-01  5.65032369112869581E+00  1.16899826062002212E+01
  4.15861254855514229E-01  7.90205538091915516E-01  7.93942632074883647E+00
  3.95456078881935680E-01  2.05695942092144968E+00  8.55840020171626215E+00
  3.57763158026203731E-01  6.12545227134884129E+00  5.62486194395956307E+00
  4.80809352357433939E-01  9.61031911909209557E-01  1.03352919265355645E+01
  6.18629963306851494E-01  1.09787270521696190E+01  1.37104423873116588E+00
  5.14601645209053493E-01  3.03073647563775372E+00  6.72252573732327008E+00
  4.67890918638375786E-01  7.41053226582174229E+00  8.42524244555986002E+00
  5.25698510086548443E-01  6.29574673723224887E+00  1.40724408357417041E+00
  3.95456078881935680E-01  1.36012657604822298E+01  6.07913886136443882E+00
  4.55518508171409764E-01  1.00034277139760661E+01  7.54161816372975924E+00
  4.80809352357433939E-01  5.29506305486613549E+00  5.74202390902088489E+00
  4.19830699308021527E-01  8.02745684873202769E+00  1.02000476934198758E+01
  4.23782255058301971E-01  8.43965504809724365E+00  1.43506743100463083E+01
  3.15123140579539662E-01  5.80991036724919052E+00  2.09349330195112326E+00
  4.89844197187210673E-01  1.08060004670250880E+01  2.54884374301182159E-01
  4.67890918638375786E-01  8.74092412241144245E+00  1.23690440663699590E+01
  6.52521334120696239E-01  9.84828066413987102E+00  1.21980396763594516E+01
  3.68203571445767597E-01  1.46066157525642204E+01  7.15822460250082315E+00
  3.73093474755522014E-01  4.00974202738257790E-01  2.22229998109133398E+00
  3.24398322089623270E-01  5.32151693038209195E-01  4.78857904853239447E+00
  3.73093474755522014E-01  4.06077414740552012E+00  2.15810775951988887E-01
  4.47475154528312213E-01  1.11612106682087120E+01  3.15500844522044455E+00
  4.11866930143960586E-01  7.73510228810020295E-01  4.05653812084271337E+00
  4.76428564711833868E-01  4.28506843336462051E+00  1.95550174068422433E+00
  3.52097530359280431E-01  6.10149777871651811E+00  1.39758761358828956E+01
  4.03769922899484768E-01  5.16254207955102462E-01  5.97122933925164823E+00
  2.61714707402908475E-01  1.14572774505252273E+01  2.37108483054422559E+00
  3.32415077939048842E-01  4.75050750419881762E+00  1.29056998416864150E+01
  5.04256127157716838E-01  1.37297046349624239E+01  4.45733044222570474E+00
  5.14601645209053493E-01  1.54277206680149215E+00  1.24662248777816274E+01
  4.43495808353686793E-01  7.45451764215009138E+00  1.35641873558152284E+01
  4.43495808353686793E-01  1.00322364407820395E+01  4.35077204132002926E+00
  5.14601645209053493E-01  1.29084124274037677E+01  8.46338376607435450E+00
  4.27722430801810549E-01  1.36484679457564102E+01  1.73457286778405417E+00
  4.55518508171409764E-01  9.23677688825988596E+00  1.39795313925829845E+01
  5.25698510086548443E-01  1.19649422974203929E+01  8.90164921373163409E+00
  5.31615470785720023E-01  1.31039413199698025E+01  1.07452811152062111E+01
  4.15861254855514229E-01  3.20493809975140032E+00  1.33152221317666175E+01
  4.55518508171409764E-01  5.10343260214643735E+00  2.40133283690305532E+00
  5.74831520378236704E-01  1.40718574306183992E+01  1.12813171946246005E+01
  7.85587123177844182E-01  1.20619532899039950E+01  4.77533409536218256E-01
  6.18629963306851494E-01  7.66164371603376004E+00  1.24947452939724304E+01
  4.72125438730357949E-01  5.38951639532910920E-01  8.79107094406400336E+00
  3.52097530359280431E-01  1.31143170082685656E+00  8.50368152537961031E+00
  4.19830699308021527E-01  1.37308245686271331E+01  7.88134049514807344E+00
  3.86843475895407518E-01  3.63187941526038260E+00  8.07703679003351738E+00
  3.32415077939048842E-01  1.12536372305527497E+01  5.98741075527337241E+00
  4.59594913921300530E-01  1.21000854298714167E+01  7.91963432455773919E+00
  4.31657393346768892E-01  4.70694623329001249E+00  1.42730254905966198E+01
  4.55518508171409764E-01  1.20053108022846686E+01  2.83380115832823609E+00
  6.05622674562866781E-01  1.16904892377602732E+00  1.35222309545525157E+01
  5.20046287948626729E-01  1.20154981183890808E+01  1.30504919885958923E+01
  4.76428564711833868E-01  1.04053521782146827E+01  9.62026654299828010E+00
  3.32415077939048842E-01  4.52477785179985492E+00  1.35310147720215124E+01
  3.91193700821028278E-01  1.78116101289287343E-01  3.51685447317774091E+00
  7.12415049870974815E-01  1.29445241849118418E+01  3.52799391722612476E+00
  3.77813528709111002E-01  9.31305673078100149E+00  5.26339487349832869E+00
  3.82389590076227859E-01  2.17218965280441756E+00  1.46599276470859707E+00
  3.52097530359280431E-01  1.00662583355146928E+01  2.64495873649457902E+00
  4.94520713715948246E-01  1.54401192815225907E+00  7.85625059824285987E-01
  4.35593091641452157E-01  1.45882404117922704E+01  7.96984801210614702E+00
  5.44304387543585899E-01  1.07893729436307950E+01  1.14586738216128214E+01
  5.66360199145834020E-01  1.47987171648479454E+00  5.85867599248855608E+00
  4.15861254855514229E-01  1.29078959504270721E+01  1.33065671080558401E+00
  2.88611769991816314E-01  1.40960828277680399E+01  2.86431122747174527E-01
  3.46069468232182209E-01  1.45348539420174774E+01  1.44827021450883588E+01
  2.61714707402908475E-01  1.41187368225173824E+01  1.40397590613334433E+01
  5.20046287948626729E-01  1.33466894833196257E+01  1.41625461480755845E+01
