1
    64  7.32006940183525770E+00  7.32006940183525770E+00  1.00000000000000000E+00
        0.00000000000000000E+00  0.00000000000000000E+00  0.00000000000000000E+00
  4.85277651035462300E-01  4.57887769036572130E+00  4.54801530779065550E+00
  4.27722430801810560E-01  2.71724668289656580E+00  6.41055942915959780E+00
  3.15123140579539650E-01  1.27846895914372590E+00  7.16003592837674230E+00
  6.05622674562866780E-01  4.50943594708322060E+00  5.63526914660666020E+00
  5.94209643691275070E-01  4.44830653212792710E+00  1.18919613613586690E+00
  3.91193700821028260E-01  6.80450987550929920E+00  6.18947387655055260E+00
  2.61714707402908480E-01  7.17181689360658760E+00  3.78816558648438350E+00
  4.63716653740985760E-01  1.25186161847644150E+00  6.09142294424113210E+00
  3.03873993631183390E-01  2.79177058291449900E+00  3.50930821740659170E+00
  3.24398322089623290E-01  5.26009530926398130E+00  6.17845603595165650E+00
  6.52521334120696220E-01  3.83003717086187620E+00  2.26823944828474030E+00
  6.18629963306851490E-01  7.00486106318605550E+00  2.23764996647878610E+00
  4.55518508171409750E-01  2.83694300535435640E+00  2.75150741137191000E+00
  4.23782255058301960E-01  4.53605188260402330E+00  3.07944806367809720E+00
  3.99644217137000450E-01  4.08538189460483100E+00  6.54533605280023870E+00
  4.43495808353686800E-01  2.77417032170148570E+00  1.78423449111519970E-03
  3.95456078881935690E-01  5.89275296668854050E+00  3.52782155769916050E+00
  4.51480705129774580E-01  6.69547927693306470E+00  3.26010453851484350E+00
  3.73093474755521990E-01  8.69870712572988050E-01  3.91774860726394890E+00
  3.32415077939048850E-01  2.21824562136725500E+00  3.23498038073471150E+00
  7.85587123177844230E-01  5.02795231291228270E+00  7.26146662598998290E+00
  5.58522656896212940E-01  5.61462429359382220E+00  4.43938101537645300E+00
  5.37810517302381900E-01  1.54455622937686080E-01  4.52534528154217330E+00
  4.72125438730357950E-01  3.47287454344449340E+00  5.92555138827834680E+00
  4.80809352357433890E-01  5.99038464535810180E+00  2.65737874164472250E+00
  3.63113014330952930E-01  5.56961226840456190E+00  1.19876980995510610E+00
  3.77813528709110980E-01  5.99633328046792520E+00  5.86930058811489720E-01
  4.99320016236592950E-01  3.44040328261196970E-01  1.33803509919349880E+00
  4.76428564711833860E-01  8.61104564690086600E-01  5.11623317148123040E-01
  3.68203571445767610E-01  4.95226084724838070E+00  3.75799771177943190E+00
  4.67890918638375820E-01  6.48976037387476530E+00  1.28148919482176130E+00
  4.94520713715948280E-01  1.33537746562793540E+00  1.35749492498179340E+00
  3.86843475895407530E-01  2.91755221399467360E+00  8.19508114745321060E-01
  4.39536840394549430E-01  6.56500408049729600E+00  4.13811515074524920E+00
  7.12415049870974840E-01  1.33706898059951660E+00  4.92118534544934060E+00
  5.31615470785720050E-01  3.51950586853100410E-01  3.17450740101106140E+00
  3.39573254068167340E-01  5.29823329506444820E+00  3.09665472228865020E+00
  6.33887818117127290E-01  6.52482163856401610E+00  5.20744025474106210E+00
  4.19830699308021500E-01  5.99855195302731130E+00  6.11812135478932270E+00
  5.20046287948626680E-01  8.22880797331256990E-01  2.23600178536697360E+00
  5.74831520378236680E-01  5.04956044038208680E+00  2.18946338064047330E+00
  5.25698510086548420E-01  2.97898794114472130E-01  5.59411504254890260E+00
  5.09344398601035220E-01  2.55487201844688050E+00  4.98988736870951750E+00
  5.04256127157716880E-01  1.38424640602036190E+00  3.20225445217742170E+00
  3.82389590076227840E-01  3.50896945810231880E+00  3.24931769761068390E+00
  3.52097530359280420E-01  3.38403416531657000E+00  6.81170361578509280E+00
  5.51209621313964430E-01  3.61000292496815240E+00  4.91243592810261460E+00
  5.44304387543585920E-01  3.70707266129385980E+00  3.26544286671685580E-01
  4.89844197187210640E-01  1.90557022910734870E+00  3.42019795674123550E-01
  2.88611769991816300E-01  2.62913436493899290E+00  4.19626697912658480E+00
  4.07840088401265000E-01  3.29826808381813620E+00  4.00833313465708320E+00
  5.84052665650241830E-01  1.92465415556584030E+00  2.25876711720751810E+00
  4.47475154528312210E-01  1.90358126077218180E+00  6.72593160424758980E+00
  4.03769922899484790E-01  2.21357170229035210E+00  1.17818439118756200E+00
  4.59594913921300560E-01  2.84252563492497320E+00  1.76494653313367200E+00
  3.46069468232182230E-01  5.89790844199918580E+00  1.83662418847025410E+00
  5.66360199145834020E-01  6.35839919013009870E+00  7.03494467292026030E+00
  4.35593091641452190E-01  1.94870823155465890E+00  3.95239619294434250E+00
  5.14601645209053520E-01  7.08974561947414730E+00  5.06832045485347750E-01
  4.11866930143960630E-01  5.49873097428986670E+00  5.40279005341414550E+00
  4.15861254855514240E-01  4.09262666794348200E+00  3.79160599309987130E+00
  3.57763158026203730E-01  3.50123234426553420E+00  1.28148882597873690E+00
  4.31657393346768890E-01  2.10125327185040560E+00  5.81281622695870490E+00
  6.76798013306122390E-01  3.58625716022520980E-01  6.79503116222407220E+00
