1
    64  7.32006940183525770E+00  7.32006940183525770E+00  1.00000000000000000E+00
        0.00000000000000000E+00  0.00000000000000000E+00  0.00000000000000000E+00
  4.85277651035462300E-01  2.65129274263825420E+00  5.14741920557269330E+00
  4.27722430801810560E-01  5.13182884792166320E+00  7.31328195909616510E-01
  3.15123140579539650E-01  2.91671566830190710E+00  7.26760810317809900E+00
  6.05622674562866780E-01  5.18620859669346770E+00  7.01993416999292210E+00
  5.94209643691275070E-01  6.29718017068941370E-01  6.28678473593471220E+00
  3.91193700821028260E-01  3.97320033518568250E+00  1.75379590137239050E+00
  2.61714707402908480E-01  4.14971413577505550E+00  6.95467217175706140E+00
  4.63716653740985760E-01  6.20434492435124340E+00  6.70526041497277350E+00
  3.03873993631183390E-01  4.99115278371661740E+00  3.07018443652090720E+00
  3.24398322089623290E-01  1.66673743107592910E+00  3.83153187850335330E+00
  6.52521334120696220E-01  1.93912861633227620E+00  1.29056418775480910E+00
  6.18629963306851490E-01  6.14133669516851200E+00  4.64931357731523320E-01
  4.55518508171409750E-01  5.03191106250444340E+00  3.82834073863093460E+00
  4.23782255058301960E-01  2.82427609948168000E+00  6.79100251444100600E-01
  3.99644217137000450E-01  6.74269685828548320E+00  4.91726329788899540E+00
  4.43495808353686800E-01  6.67738731480849170E+00  5.75653010248649540E+00
  3.95456078881935690E-01  3.76824132174543940E+00  9.93074312270820240E-01
  4.51480705129774580E-01  2.40814522645055450E+00  6.69875065453446350E+00
  3.73093474755521990E-01  7.01106674771764470E+00  6.49925047920648510E+00
  3.32415077939048850E-01  4.48270705651740190E+00  1.12495668622352520E+00
  7.85587123177844230E-01  6.99642018604504030E+00  2.63914449625231250E+00
  5.58522656896212940E-01  3.61664004520805890E+00  5.53765399478860940E+00
  5.37810517302381900E-01  4.26218926114039220E+00  4.53662120903687690E+00
  4.72125438730357950E-01  2.25314316271904900E+00  3.25359212260733880E+00
  4.80809352357433890E-01  2.41625412506593570E+00  2.31809452737270580E+00
  3.63113014330952930E-01  3.50302258102740940E+00  2.83078653774092450E-01
  3.77813528709110980E-01  8.24109446328213300E-01  2.82207667353220370E+00
  4.99320016236592950E-01  4.40637636081666080E+00  6.23950199339248090E+00
  4.76428564711833860E-01  7.13917466775184280E+00  1.67163678753684760E-02
  3.68203571445767610E-01  2.80595957544657400E+00  5.98460055908779690E+00
  4.67890918638375820E-01  4.32895599298209530E+00  3.40212099789498620E-01
  4.94520713715948280E-01  2.39346692812934410E+00  4.20660284906030310E+00
  3.86843475895407530E-01  6.30738914056056020E+00  1.69277638860644060E+00
  4.39536840394549430E-01  3.28734228686065720E+00  4.47702381326704570E+00
  7.12415049870974840E-01  5.52451472110266820E+00  5.74667324144712040E+00
  5.31615470785720050E-01  4.10775519049926090E+00  3.48145195887501300E+00
  3.39573254068167340E-01  9.57028497194559340E-01  1.15423000961182850E+00
  6.33887818117127290E-01  1.76506762676358800E+00  5.82656588574468250E+00
  4.19830699308021500E-01  1.52660611454583210E+00  2.44428312300569450E+00
  5.20046287948626680E-01  7.39083132073233530E-01  3.71449745060643900E+00
  5.74831520378236680E-01  3.43163038563756250E+00  2.60735536462866290E+00
  5.25698510086548420E-01  3.44200553322962220E+00  6.61146674982492400E+00
  5.09344398601035220E-01  7.51768079042926020E-01  3.31691917003731350E-01
  5.04256127157716880E-01  1.49206131934659610E+00  6.96237522891415410E+00
  3.82389590076227840E-01  2.17289537008101120E+00  2.07389368051630680E-01
  3.52097530359280420E-01  8.87603067575636830E-01  5.37705630918798590E+00
  5.51209621313964430E-01  1.46263475696922530E+00  4.68166876818109310E+00
  5.44304387543585920E-01  5.99648276378555870E+00  3.53215405467198270E+00
  4.89844197187210640E-01  7.59958749057640400E-01  1.95879132291574030E+00
  2.88611769991816300E-01  1.54257739883733680E+00  4.37126859768157240E-01
  4.07840088401265000E-01  5.19729087677845310E+00  4.67555366165573540E+00
  5.84052665650241830E-01  5.63828683360020300E+00  2.46240200297268520E+00
  4.47475154528312210E-01  4.65316886823365920E-01  4.64059056024249020E+00
  4.03769922899484790E-01  1.33597218821880580E-01  5.42231702228191640E+00
  4.59594913921300560E-01  3.12323385705981100E+00  3.59352234264523500E+00
  3.46069468232182230E-01  1.43754268415159880E+00  3.20350783675597480E+00
  5.66360199145834020E-01  7.00840267208155600E+00  3.98976002223712600E+00
  4.35593091641452190E-01  4.44132183653197110E+00  2.57584028913637790E+00
  5.14601645209053520E-01  3.07735763639605770E+00  1.57959274191465240E+00
  4.11866930143960630E-01  4.78480375326941230E+00  1.80353693488867770E+00
  4.15861254855514240E-01  5.53950116901918400E+00  1.46766833261752970E+00
  3.57763158026203730E-01  4.51885621231413030E+00  5.39131802916030890E+00
  4.31657393346768890E-01  6.01961767029614150E+00  4.50764631019962890E+00
  6.76798013306122390E-01  7.22916460312841820E+00  1.16514072651433080E+00
