1
    49  5.71843821671731600E+00  5.71843821671731600E+00  1.00000000000000000E+00
        0.00000000000000000E+00  0.00000000000000000E+00  0.00000000000000000E+00
  5.14601645209053493E-01  3.44902855665755403E+00  4.36240770108645037E+00
  4.94520713715948246E-01  4.66519636090361800E+00  5.53899560985880512E+00
  5.31615470785720023E-01  9.52490324101596952E-01  3.84327145972153073E+00
  4.47475154528312213E-01  2.36338255901669303E+00  1.02458411483284384E+00
  5.04256127157716838E-01  2.94801488126773936E+00  2.73679644334960059E-01
  3.57763158026203731E-01  6.28133795825195906E-01  6.39750163253060111E-01
  4.19830699308021527E-01  4.98506895643028880E+00  6.74833283284864915E-01
  4.89844197187210673E-01  3.70190161686767372E+00  5.34486188637377513E+00
  3.32415077939048842E-01  5.70316196836530409E+00  8.97629638909962502E-01
  3.99644217137000435E-01  1.46932027133297893E-01  2.69559385218988190E+00
  4.39536840394549433E-01  5.02164591108899394E+00  1.53102990595966282E+00
  4.23782255058301971E-01  4.17277161004085073E-01  5.04481863577814682E+00
  5.09344398601035198E-01  1.74267965566857175E+00  1.76824765558423080E+00
  2.61714707402908475E-01  2.18995019825756954E+00  2.41144581313824657E+00
  4.63716653740985807E-01  3.28753160840749947E+00  1.17351090566542493E+00
  3.52097530359280431E-01  5.13303201745836635E+00  2.84835939082309997E+00
  4.99320016236592945E-01  4.06826869266718738E+00  6.12730845536674451E-01
  4.31657393346768892E-01  2.82399954773833661E+00  5.06999471270126101E+00
  4.76428564711833868E-01  5.66471886893216503E+00  9.16360216592853050E-02
  3.24398322089623270E-01  8.29290607305341987E-01  1.36228692354166792E+00
  4.72125438730357949E-01  5.05010850337295736E+00  3.71988021696281868E+00
  3.73093474755522014E-01  1.34301351819575920E-01  3.46486165105728583E+00
  3.86843475895407518E-01  2.90773027506587001E+00  3.64379525976426777E+00
  4.55518508171409764E-01  1.93900450411330127E+00  5.08437505027289838E+00
  3.46069468232182209E-01  4.25444816229618894E+00  3.91022571951089892E+00
  4.51480705129774618E-01  2.69023934638225848E+00  1.86072669717129835E+00
  2.88611769991816314E-01  5.01846449772523684E+00  4.47642499546633843E+00
  3.95456078881935680E-01  1.78172942773515430E+00  4.25110956156738240E+00
  3.03873993631183392E-01  3.43764863443281854E+00  1.92469248688440531E+00
  3.63113014330952943E-01  5.35284192229001565E+00  5.03176563404610366E+00
  4.11866930143960586E-01  1.43171932721710249E-01  1.62270221253519176E+00
  3.91193700821028278E-01  1.16815861883675520E+00  4.73756822769677921E+00
  4.07840088401265011E-01  3.72112815741070735E+00  2.57286059664465627E+00
  3.77813528709111002E-01  2.54869425208986478E+00  4.31370266857922857E+00
  3.68203571445767597E-01  1.55541713526209469E+00  2.62376511379857158E+00
  4.35593091641452157E-01  5.34094738661007873E-02  4.26841171578752476E+00
  4.85277651035462332E-01  2.85441272046924199E+00  2.77770079420055938E+00
  4.03769922899484768E-01  4.62469755086236489E+00  2.28930179603912487E+00
  4.59594913921300530E-01  1.42621404541457841E+00  8.58518852003367750E-01
  4.80809352357433939E-01  8.43785119611574097E-01  2.16633526838749413E+00
  5.20046287948626729E-01  1.14161951583165844E+00  5.64534142645527304E+00
  3.39573254068167352E-01  8.27038740120695670E-01  2.98395906234295261E+00
  4.15861254855514229E-01  2.03080435155387740E+00  2.29212626413970000E-01
  4.27722430801810549E-01  4.33373489904417042E+00  4.67986503785161201E+00
  4.43495808353686793E-01  4.38233974512458868E+00  3.10063059505980432E+00
  5.25698510086548443E-01  2.03864125018914555E+00  3.37103992402149588E+00
  4.67890918638375786E-01  4.12237235007036684E+00  1.57794649310769608E+00
  3.82389590076227859E-01  3.65867322636955539E+00  3.49130430626527355E+00
  3.15123140579539662E-01  5.33920128373031222E+00  2.21404415478791972E+00
