1
    64  7.32006940183525770E+00  7.32006940183525770E+00  1.00000000000000000E+00
        0.00000000000000000E+00  0.00000000000000000E+00  0.00000000000000000E+00
  4.85277651035462300E-01  6.17838976776187550E+00  5.52108921406959840E+00
  4.27722430801810560E-01  6.00923945784825350E-01  5.57638972289584080E+00
  3.15123140579539650E-01  5.16157113932683400E+00  2.78389828538416580E+00
  6.05622674562866780E-01  5.21958438601078800E+00  5.00942689508871460E+00
  5.94209643691275070E-01  5.62290187140942340E+00  9.67034289131555090E-01
  3.91193700821028260E-01  4.46817999103380540E+00  2.65949063855730740E+00
  2.61714707402908480E-01  2.79184306145345080E+00  5.33608446297702080E+00
  4.63716653740985760E-01  5.05545149337616810E+00  7.53960799576258720E-02
  3.03873993631183390E-01  6.58785025687045330E-01  2.71872492497680350E+00
  3.24398322089623290E-01  1.20761878881717740E+00  2.47737931484511800E-01
  6.52521334120696220E-01  7.38197571605219420E-01  1.09889741300771940E+00
  6.18629963306851490E-01  5.06848848285844330E+00  3.79876274063940090E+00
  4.55518508171409750E-01  7.50637018856498810E-01  3.89822446033177670E+00
  4.23782255058301960E-01  2.13006758217087060E+00  3.19434458010044290E+00
  3.99644217137000450E-01  6.37918668218944960E+00  6.38214639977210840E+00
  4.43495808353686800E-01  7.08405097633990620E+00  5.34600733758080790E+00
  3.95456078881935690E-01  3.81973076442549080E+00  6.63628399620765650E+00
  4.51480705129774580E-01  6.91282488340187480E+00  2.39089864004504320E+00
  3.73093474755521990E-01  2.09562091124713670E+00  1.62715270173461220E+00
  3.32415077939048850E-01  6.85892111695211780E+00  7.01834558548692830E+00
  7.85587123177844230E-01  6.39302342812641380E+00  4.26214128191846960E+00
  5.58522656896212940E-01  4.80159545521688890E+00  1.77334976508623620E+00
  5.37810517302381900E-01  2.14878896073257590E+00  4.86252501458364780E+00
  4.72125438730357950E-01  2.52339536271157310E+00  6.73570341548666110E+00
  4.80809352357433890E-01  4.21086055308779540E+00  4.61599727929830190E+00
  3.63113014330952930E-01  6.50619404223350010E+00  1.68606563784439790E+00
  3.77813528709110980E-01  6.48126263727336300E+00  3.09800199826351990E+00
  4.99320016236592950E-01  2.64866184621459010E+00  3.95605588029568890E+00
  4.76428564711833860E-01  1.13531504616341070E+00  4.74157879797891550E+00
  3.68203571445767610E-01  4.22600009241895870E+00  6.88504818758155500E-02
  4.67890918638375820E-01  1.68265462767209910E+00  3.97333314253570440E+00
  4.94520713715948280E-01  1.00682102220143330E+00  6.42943696040397850E+00
  3.86843475895407530E-01  2.31159098497720320E+00  5.77121444571459640E+00
  4.39536840394549430E-01  4.53704832803188920E+00  8.12911791047034880E-01
  7.12415049870974840E-01  3.77353827968824570E+00  3.51269691564564510E+00
  5.31615470785720050E-01  5.79310515717736510E+00  2.22080181161995950E+00
  3.39573254068167340E-01  1.83298599048320660E+00  6.31531893134531420E+00
  6.33887818117127290E-01  6.82904616391153050E+00  7.45802048883418940E-01
  4.19830699308021500E-01  2.30612127508721530E+00  2.77894362974816820E-01
  5.20046287948626680E-01  7.29249638889965990E+00  6.28455852227531950E+00
  5.74831520378236680E-01  3.28826397605910300E+00  1.27202255239894920E-01
  5.25698510086548420E-01  6.02972270297621730E+00  7.23792383697671230E+00
  5.09344398601035220E-01  3.17329765550046390E+00  6.00492405164832820E+00
  5.04256127157716880E-01  2.77187449906417790E+00  1.07189824574992980E+00
  3.82389590076227840E-01  2.24322814723413360E+00  2.36623882284284680E+00
  3.52097530359280420E-01  7.21909159192185080E+00  1.64913558085959130E+00
  5.51209621313964430E-01  3.85595897834634760E-01  7.27000205868311420E+00
  5.44304387543585920E-01  3.76069465870094130E+00  1.41504929242422680E+00
  4.89844197187210640E-01  3.24934543144426780E+00  4.74101096358271690E+00
  2.88611769991816300E-01  4.48562004756748140E+00  6.78724724620704660E+00
  4.07840088401265000E-01  1.78032063311261870E+00  9.14279383456498710E-01
  5.84052665650241830E-01  4.21044771822224200E+00  5.67633051396887020E+00
  4.47475154528312210E-01  1.26288331212528760E+00  3.16289329381439280E+00
  4.03769922899484790E-01  1.70306085657140560E+00  7.04136824601549890E+00
  4.59594913921300560E-01  1.48407086397354120E+00  5.60384126842950000E+00
  3.46069468232182230E-01  4.12416750467662570E-01  2.11898407465695680E+00
  5.66360199145834020E-01  1.32292404833748710E+00  2.15807118981026360E+00
  4.35593091641452190E-01  2.96742459432690500E+00  1.98791893980360860E+00
  5.14601645209053520E-01  3.67259411997515880E-02  3.24774303073389040E+00
  4.11866930143960630E-01  3.71239678140480760E+00  2.39022149550685990E+00
  4.15861254855514240E-01  2.88443291057329890E+00  2.83214956512691000E+00
  3.57763158026203730E-01  5.75030096984969320E+00  3.10654198222625140E+00
  4.31657393346768890E-01  2.36795798786021730E-01  4.61540816493425240E+00
  6.76798013306122390E-01  5.30773456559561560E+00  6.28526257050837160E+00
