1
   256  1.46547899299205024E+01  1.46547899299205024E+01  1.00000000000000000E+00
        0.00000000000000000E+00  0.00000000000000000E+00  0.00000000000000000E+00
  4.63716653740985807E-01  1.46307881482656690E+01  9.85617977600834649E+00
  4.85277651035462332E-01  1.05504669829325568E+01  1.36562033928627322E+01
  4.27722430801810549E-01  1.38572391457223052E+01  6.65993705229651578E+00
  6.76798013306122437E-01  4.09941556996322110E+00  1.82499672045775019E+00
  6.05622674562866781E-01  3.01336013626641863E+00  1.14308456443433060E+00
  3.46069468232182209E-01  2.32452813353539378E+00  1.87102048810810406E+00
  3.57763158026203731E-01  1.99530075997610123E+00  8.75137883509698788E+00
  7.12415049870974815E-01  1.11158279769481307E+01  8.45409066118352470E+00
  4.03769922899484768E-01  1.36866944938769954E+01  1.12744613461825356E+01
  4.55518508171409764E-01  3.85460414300274090E+00  1.15294342123399343E+01
  4.43495808353686793E-01  4.53762423123798797E+00  8.91812570400001015E+00
  5.31615470785720023E-01  1.00091989800837791E+01  9.02258749860496145E+00
  5.94209643691275047E-01  1.35454730699944417E+01  7.71912676416795307E+00
  5.44304387543585899E-01  3.42058735041589879E+00  6.56578387393747231E+00
  7.85587123177844182E-01  9.27687288744298577E+00  2.98483204203094132E+00
  4.72125438730357949E-01  8.63166235814237659E+00  1.31460003195445339E+01
  3.91193700821028278E-01  5.59870337438001719E+00  1.38426214843856563E+01
  3.46069468232182209E-01  1.31968499694803256E+01  1.41470102610310562E+01
  3.52097530359280431E-01  1.12150794518526862E+01  1.45150409274542036E+00
  4.43495808353686793E-01  2.36705736328279537E+00  1.02995309799408687E+01
  4.72125438730357949E-01  3.41702010758391639E+00  1.43786138273556463E-01
  4.23782255058301971E-01  1.37313374600917069E+01  9.29813725860456231E+00
  5.84052665650241831E-01  1.05996210492353526E+00  8.64129817518087506E+00
  4.59594913921300530E-01  1.25835178095298055E+01  2.28557396683406333E+00
  3.82389590076227859E-01  2.31758321523273692E+00  3.85660621377131596E+00
  3.03873993631183392E-01  1.44279984255810358E+01  4.08657150789263746E+00
  3.57763158026203731E-01  3.91614513258186214E+00  8.06809956678947060E-01
  5.94209643691275047E-01  1.20251870307797581E+01  3.18915455288981420E+00
  3.82389590076227859E-01  3.62303857714798294E+00  2.77118238378515969E+00
  4.47475154528312213E-01  1.06359690781452194E+01  7.39812552964847914E+00
  4.11866930143960586E-01  1.24765781754964475E+01  6.81910415955922722E-01
  4.47475154528312213E-01  3.74767143986968287E+00  9.33022702457271791E+00
  5.14601645209053493E-01  3.92249374573263365E-01  7.25023775623387046E-01
  5.20046287948626729E-01  4.30249427359004688E+00  7.16167943224628534E+00
  3.99644217137000435E-01  1.13127331784947991E+01  1.21979594401782681E+01
  5.04256127157716838E-01  2.55495407978340383E+00  5.97407078286110060E+00
  3.24398322089623270E-01  6.32296507958051723E+00  1.22473908357735817E+00
  4.80809352357433939E-01  4.32291096476218106E-01  1.77693552855918102E+00
  4.07840088401265011E-01  1.95736989485182766E+00  1.24614910773421990E+01
  6.18629963306851494E-01  6.55905080275179131E+00  1.21551599436350273E+01
  5.66360199145834020E-01  3.28103735123423224E-01  4.75691953646007004E+00
  5.09344398601035198E-01  9.40589335458225761E-01  9.72815431847806344E+00
  5.51209621313964448E-01  6.51406115697639088E+00  9.73382221682149584E+00
  3.39573254068167352E-01  1.14226161839083176E+01  7.43450483422822916E+00
  3.68203571445767597E-01  4.23000314131903110E+00  1.32116950486036302E+01
  6.18629963306851494E-01  1.41652356877262360E+01  1.40225423127334992E+01
  5.58522656896212943E-01  4.54082913886886708E+00  2.97872927495615913E+00
  3.95456078881935680E-01  4.72061437869132217E+00  1.08453882764368679E+01
  3.15123140579539662E-01  1.07543982643794855E+00  4.25569518853543105E+00
  5.37810517302381941E-01  1.87040624369767339E+00  1.11025113214205651E+00
  2.61714707402908475E-01  4.96284126123122782E+00  2.25278248218243160E+00
  4.72125438730357949E-01  1.95069332315210908E+00  2.60166920884671882E+00
  4.15861254855514229E-01  3.93028351397263931E+00  4.92154868215935437E+00
  3.03873993631183392E-01  1.03713638471029301E+00  1.22905273657873004E+00
  3.91193700821028278E-01  1.18764382303866665E+01  1.35606126119654480E+01
  4.27722430801810549E-01  1.05358291729391507E+00  2.67213571829964947E+00
  4.43495808353686793E-01  5.16242226254923953E+00  3.89724825302214883E+00
  4.55518508171409764E-01  3.23775882908699408E+00  1.00754670292210751E+01
  3.32415077939048842E-01  9.09209113020606985E+00  6.33763652806078870E+00
  3.24398322089623270E-01  1.19002778303560799E+01  6.96582966062802456E+00
  3.91193700821028278E-01  1.45205066326281571E+01  7.57662351550523994E+00
  4.39536840394549433E-01  3.04359702890548744E+00  2.18780142140077194E+00
  7.12415049870974815E-01  1.87275321822766005E+00  1.13444237630650768E+01
  3.86843475895407518E-01  6.68568718154966302E+00  4.16212654054499698E+00
  5.74831520378236704E-01  7.66407382182258168E+00  4.17542577503241663E+00
  3.73093474755522014E-01  4.84290010496133050E+00  1.39765969138916368E+01
  5.25698510086548443E-01  5.88288074359124558E+00  4.59597264706058972E+00
  4.51480705129774618E-01  7.92853108623628078E+00  6.07926351815521482E+00
  4.15861254855514229E-01  7.80395806555514415E+00  5.19500787444124867E+00
  5.37810517302381941E-01  2.77126163567302264E+00  9.19851259921286690E+00
  7.85587123177844182E-01  5.27025037623074777E+00  1.27126326529462528E+01
  3.68203571445767597E-01  1.24892013260227230E+00  4.91664876135734286E+00
  4.51480705129774618E-01  4.00175759494855487E+00  1.24244258957713942E+01
  5.84052665650241831E-01  6.98744467512757761E-01  1.07944766926747224E+01
  5.51209621313964448E-01  4.55891622625599258E+00  9.91263135962010544E+00
  4.89844197187210673E-01  1.30538168944326216E+01  8.68525052901244798E+00
  5.74831520378236704E-01  6.59665689523874832E+00  1.09623168348980027E+01
  6.33887818117127244E-01  1.23119442691867036E+01  7.83604018180421580E+00
  5.37810517302381941E-01  1.43168163337134646E+00  1.39677462367309779E+01
  3.52097530359280431E-01  8.94217997416447652E+00  1.00975020992498159E+01
  3.91193700821028278E-01  5.52203035604063075E+00  5.43890685486145120E+00
  3.39573254068167352E-01  3.06664487979858569E+00  3.90897367945373597E+00
  4.11866930143960586E-01  4.71321708731291533E+00  1.16526606355359927E+01
  3.68203571445767597E-01  5.12734743896854539E+00  1.63699219424266196E+00
  4.89844197187210673E-01  9.78145953058011486E+00  1.00307021055547860E+01
  5.04256127157716838E-01  3.04407953929946462E+00  1.10154617546948757E+01
  5.74831520378236704E-01  8.29130375586304424E-01  7.50564910504439631E+00
  4.80809352357433939E-01  3.38163323371142699E+00  1.31782128668413545E+01
  4.31657393346768892E-01  6.98927440892366381E+00  4.92221039160650697E+00
  3.63113014330952943E-01  8.47350590479129528E-01  5.52782981204519075E+00
  4.99320016236592945E-01  9.93775925705071117E+00  1.14079403340473444E+01
  4.23782255058301971E-01  3.43269684876218362E+00  5.59783281528697252E+00
  4.76428564711833868E-01  7.33033711227355500E+00  2.30521423318614715E+00
  4.39536840394549433E-01  1.12342854300591561E+01  1.30334923851734263E+01
  3.32415077939048842E-01  1.22479919142010925E+01  4.92808493924370250E+00
  6.52521334120696239E-01  1.32742283456104477E+01  5.64096745372362296E+00
  6.05622674562866781E-01  1.45176771161455491E+01  5.83263018397261046E+00
  5.14601645209053493E-01  1.29847872728899070E+01  4.51029584299219799E+00
  3.15123140579539662E-01  3.25608860867104055E-01  9.16014225491318079E+00
  5.14601645209053493E-01  1.28664366589212769E+01  1.16875652333670530E+01
  5.20046287948626729E-01  8.28751832674148758E-01  6.41077235235213916E+00
  4.51480705129774618E-01  1.13186740194477320E+01  1.41922706145086082E+01
  3.86843475895407518E-01  1.60131090772157592E-02  6.81324975132623933E+00
  5.58522656896212943E-01  1.28722984601978929E+01  6.78337277296261831E+00
  3.57763158026203731E-01  8.30459388461455461E+00  2.38326755571001536E+00
  5.84052665650241831E-01  5.58839960340834541E+00  1.03910445930315980E+01
  3.99644217137000435E-01  5.51499326236202680E+00  6.22973061058889410E+00
  5.31615470785720023E-01  1.07730212222355171E+01  5.47414617932066783E+00
  3.32415077939048842E-01  7.15766631673914855E+00  1.28941897453184318E+01
  3.24398322089623270E-01  8.11730668357731844E+00  1.38638112300854068E+01
  3.77813528709111002E-01  5.16882545526592985E+00  6.92587837400397177E+00
  3.32415077939048842E-01  8.49798504403624833E+00  1.06443352805936691E+01
  4.19830699308021527E-01  6.33023818017348550E+00  6.14646702285535973E+00
  2.61714707402908475E-01  1.20155043901642031E+01  1.10780901050216727E+01
  4.59594913921300530E-01  6.27670399285730163E+00  8.75127635224174227E+00
  4.63716653740985807E-01  6.03312624569877887E+00  3.61661979905028241E+00
  4.23782255058301971E-01  2.14555884130510799E-01  2.81726710667944191E+00
  4.63716653740985807E-01  1.27808945787831640E+00  3.02650664308591999E-01
  4.27722430801810549E-01  1.19967739848126858E+01  4.21067865129290109E+00
  5.20046287948626729E-01  1.48110282572165075E+00  3.51798934836852784E+00
  4.03769922899484768E-01  1.10353432377024117E+01  3.06201692049838003E+00
  4.67890918638375786E-01  5.26780082627241186E-01  1.44065932176274174E+01
  5.51209621313964448E-01  6.98868322603373215E+00  3.27438262985974671E+00
  2.61714707402908475E-01  3.46924039172874110E+00  4.35588862849512726E+00
  6.33887818117127244E-01  1.03171672843816840E+01  1.24757351950135451E+01
  6.33887818117127244E-01  8.96799503275338772E+00  8.15584002432932920E+00
  4.07840088401265011E-01  1.32250612624238006E+00  1.88104870031046101E+00
  5.04256127157716838E-01  6.00399970814265505E+00  7.20960702299671841E+00
  4.55518508171409764E-01  8.16897250746514558E+00  9.86433337972382063E+00
  5.20046287948626729E-01  4.85983701929609868E+00  4.81279614648257414E+00
  4.07840088401265011E-01  1.15087821142398479E+01  4.88898976003512420E+00
  4.99320016236592945E-01  1.04576583832472547E+01  2.32523537733651553E+00
  4.31657393346768892E-01  7.09814441516422789E+00  5.77858080066208402E+00
  2.88611769991816314E-01  1.03443041031623792E+01  3.10496543790887358E+00
  5.58522656896212943E-01  1.03215065305942790E+01  1.27622089265715388E+00
  3.24398322089623270E-01  6.26122719798535865E+00  5.39971152155981571E+00
  2.88611769991816314E-01  1.02216062905818195E+01  1.06729029406773250E+01
  6.52521334120696239E-01  2.68420460136273098E+00  4.82443576701181609E+00
  3.52097530359280431E-01  8.52916355424535411E+00  3.84258092360358505E+00
  4.76428564711833868E-01  9.80747599518769064E+00  1.43348935663081871E+01
  4.72125438730357949E-01  2.61597549134738028E+00  8.20052318150756321E+00
  4.80809352357433939E-01  3.96334218323740517E+00  1.40177493302161427E+01
  6.52521334120696239E-01  5.27954684151867415E+00  8.11144706309533525E+00
  4.03769922899484768E-01  9.24271702034945086E+00  1.25184739339468578E+01
  4.85277651035462332E-01  8.02058994852150953E+00  3.17701990376323007E+00
  6.05622674562866781E-01  6.85286094630992881E+00  4.60463553642796175E-01
  3.77813528709111002E-01  1.43412924435203255E+01  2.21419708730923759E+00
  4.63716653740985807E-01  1.35076855658724426E+01  2.33006416531195493E+00
  3.03873993631183392E-01  5.69719738439328616E+00  1.28069532370868444E+00
  7.12415049870974815E-01  1.19350693390508447E+01  5.92499061726694265E+00
  4.85277651035462332E-01  6.42168678616950572E+00  1.32504550152468763E+01
  4.94520713715948246E-01  8.73770440105873902E+00  5.58922647285900087E+00
  4.67890918638375786E-01  1.39487003303539208E+01  4.72944714986252901E+00
  6.52521334120696239E-01  1.09006800500589236E+01  9.80196933534346648E+00
  4.35593091641452157E-01  1.87264027754837126E+00  9.57266596576828910E+00
  3.15123140579539662E-01  5.39235950285312970E+00  3.17393636101814014E+00
  4.03769922899484768E-01  7.38113060441257662E+00  1.15473309930894370E+01
  2.88611769991816314E-01  1.34708163384726678E+01  1.34387373180451526E+01
  4.89844197187210673E-01  1.15761436815840764E+01  6.30625884525831015E-01
  3.95456078881935680E-01  8.16805162390423867E+00  1.14076573114346509E+01
  3.95456078881935680E-01  1.42044775305836382E+01  3.81077551461163733E-01
  3.03873993631183392E-01  3.53781865338944312E+00  3.45485281419816426E+00
  5.44304387543585899E-01  1.22929029017665350E+01  1.43983409157015636E+01
  3.39573254068167352E-01  1.18672927655379841E+01  9.57801646062113043E+00
  4.35593091641452157E-01  1.00185690470400601E+01  6.14059479913154771E+00
  7.12415049870974815E-01  5.48903188276585396E+00  2.85961283181006110E-01
  4.80809352357433939E-01  9.02720139972638691E+00  9.26897812431853296E+00
  3.86843475895407518E-01  7.96537521033844786E+00  1.72040771593829178E+00
  5.09344398601035198E-01  1.26766632798615788E+01  1.06813749373918192E+01
  3.63113014330952943E-01  4.62663921560356339E+00  9.28611099154713626E-01
  5.58522656896212943E-01  9.71389321243394299E+00  5.19432819270863977E+00
  4.89844197187210673E-01  1.08747900198014413E+01  6.49174266797436506E+00
  6.76798013306122437E-01  1.10779134945500992E+01  1.11194030003326123E+01
  4.67890918638375786E-01  8.88727246127028536E+00  1.40506074314842380E+01
  5.84052665650241831E-01  7.72608228146493392E+00  8.00246532129379773E+00
  4.67890918638375786E-01  7.26306645356158764E+00  1.39723014936768095E+01
  3.73093474755522014E-01  1.81331301136313204E-02  1.25670115908913189E+01
  4.47475154528312213E-01  6.36592856451471434E+00  1.41815221000366236E+01
  5.25698510086548443E-01  1.27298063893825670E+01  9.64770962738245430E+00
  4.35593091641452157E-01  4.18943739234665813E+00  8.11068307910238495E+00
  3.63113014330952943E-01  9.63791997841379811E+00  1.89436222920105024E+00
  4.27722430801810549E-01  8.49491968528574937E+00  1.10137595499098784E+00
  4.47475154528312213E-01  1.67437951513798322E+00  5.61258201100344500E+00
  4.76428564711833868E-01  8.99864996624241087E+00  1.16728048532394890E+01
  3.73093474755522014E-01  8.88447576427124375E+00  1.81921357805806050E+00
  4.31657393346768892E-01  1.46595397305588904E-01  1.16470510352049370E+01
  5.66360199145834020E-01  5.01426778832001929E-01  1.33726708662615703E+01
  6.76798013306122437E-01  4.47542207034689277E+00  5.94999301271211589E+00
  3.46069468232182209E-01  1.39601066602401165E+01  8.56306643445578963E+00
  4.94520713715948246E-01  1.20609258362504566E+01  1.48734217004016367E+00
  5.31615470785720023E-01  4.18238722207887470E+00  4.00822953836371010E+00
  7.85587123177844182E-01  6.06811820525140622E+00  2.30507805406048361E+00
  3.68203571445767597E-01  7.53496015586970280E+00  1.23038014426018538E+01
  6.18629963306851494E-01  8.42783209085809837E+00  7.02575343572362243E+00
  4.59594913921300530E-01  6.68227493411943652E+00  7.92639304128088273E+00
  5.04256127157716838E-01  5.64748036918933227E+00  1.14778832886353719E+01
  3.86843475895407518E-01  7.68681263386436786E+00  9.98607773913494978E-01
  5.66360199145834020E-01  2.34919109016364036E+00  1.33534109515922275E+01
  5.09344398601035198E-01  7.64122553200334753E+00  1.06720319323578909E+01
  6.76798013306122437E-01  7.13989884268686037E+00  6.88621090858403395E+00
  3.63113014330952943E-01  9.79540678789120101E+00  5.19541233610597342E-01
  4.85277651035462332E-01  9.25763152750947427E+00  4.25553415319495709E+00
  5.51209621313964448E-01  1.21516044116165869E+01  1.26592085872619986E+01
  4.59594913921300530E-01  1.27245053004726980E+01  1.34919685358476595E+01
  4.19830699308021527E-01  4.36270680835704461E+00  1.70227196057746610E-01
  5.74831520378236704E-01  1.36899582725500544E+01  1.02958840671809426E+01
  4.39536840394549433E-01  1.00364182443395702E+01  8.05181331122931887E+00
  5.25698510086548443E-01  1.32460873009035041E+01  1.26560677381591056E+01
  5.37810517302381941E-01  1.41747795980985760E+01  1.31385787078017402E+00
  3.99644217137000435E-01  1.30067360330462787E+01  3.03333275568301985E+00
  4.11866930143960586E-01  8.48837235920069944E+00  4.71772340481546948E+00
  3.57763158026203731E-01  1.40928945614365730E+01  2.90656353858356109E+00
  3.77813528709111002E-01  1.40747811646342171E+01  1.30292859795059464E+01
  3.15123140579539662E-01  1.27717422884475766E+01  3.70836396185948036E+00
  5.66360199145834020E-01  7.96360171954117835E+00  8.64548953162455475E-02
  5.44304387543585899E-01  1.36710650209760125E+01  3.70392095559250079E+00
  4.43495808353686793E-01  7.17257730065177856E+00  8.86818705223749681E+00
  4.15861254855514229E-01  3.44367419522252005E+00  8.52220493243044963E+00
  6.33887818117127244E-01  2.95154827316163315E+00  1.21498341662534504E+01
  3.99644217137000435E-01  3.06658435244470073E+00  1.40003692563848681E+01
  3.82389590076227859E-01  7.78250373617122193E+00  1.32413517772288465E+01
  3.52097530359280431E-01  1.56869762885874930E+00  1.03182533291637260E+01
  4.94520713715948246E-01  1.33157039914355142E+01  3.29629569230104558E-01
  4.35593091641452157E-01  1.75964445467527786E+00  7.89946358851251240E+00
  6.18629963306851494E-01  2.33033536496909344E+00  4.91983694140589733E-02
  4.11866930143960586E-01  1.18258033667458040E+01  1.03283246954315242E+01
  3.95456078881935680E-01  1.19574866237209321E+01  1.17326719985499413E+01
  5.09344398601035198E-01  2.79547856613849932E+00  3.10369917463878764E+00
  3.82389590076227859E-01  1.43981113511125010E+01  1.09399296971147173E+01
  4.94520713715948246E-01  1.14496984098833892E+01  2.26495801352126147E+00
  4.99320016236592945E-01  3.38647106088658845E+00  7.60884247294088834E+00
  5.94209643691275047E-01  9.63853335633747399E+00  7.09770065685106033E+00
  4.31657393346768892E-01  8.33474151228015181E+00  1.22923488030393706E+01
  2.61714707402908475E-01  1.55466683931560556E+00  7.06092205239018700E+00
  4.07840088401265011E-01  3.91939326929132470E+00  1.06615083729790641E+01
  2.88611769991816314E-01  1.43910239482941051E+01  9.02919093323909472E+00
  4.19830699308021527E-01  1.21651307334783105E+01  8.87946362097550690E+00
  5.14601645209053493E-01  9.59324178848516596E+00  1.33673124350070101E+01
  4.23782255058301971E-01  9.34421263830924786E+00  1.16427120505253967E+00
  4.15861254855514229E-01  7.02216946945140297E+00  1.46781372200503979E+00
  4.51480705129774618E-01  1.40215205680945836E+01  1.20614410012728666E+01
  4.76428564711833868E-01  8.97614670828209960E+00  3.35933175092076652E-01
  3.46069468232182209E-01  7.40456341658400241E+00  9.62296378265970453E+00
  3.73093474755522014E-01  1.72161878421119763E+00  6.43181262986570701E+00
  4.99320016236592945E-01  4.78279581484087724E-01  3.70187944899026355E+00
  7.85587123177844182E-01  1.05671601698079431E+01  4.15578076428542165E+00
  4.19830699308021527E-01  9.23998045714130711E+00  1.08096534858202578E+01
  5.44304387543585899E-01  1.30969177874167482E+01  1.40953018082613402E+00
  5.94209643691275047E-01  2.41561612148563620E+00  7.10562378681156037E+00
  4.55518508171409764E-01  8.14561430561212596E+00  8.95359318010072514E+00
  3.77813528709111002E-01  1.75858447665901640E+00  4.37187606754614055E+00
  5.25698510086548443E-01  1.06389526212928924E+01  2.39504265525232185E-01
  5.31615470785720023E-01  5.44127925794349032E+00  9.28498099637935503E+00
  6.05622674562866781E-01  9.57974689942445279E-01  1.22932885554182416E+01
  4.39536840394549433E-01  6.98026090911412211E-02  8.38190924010600646E+00
  3.39573254068167352E-01  1.47600585662103190E+00  1.30871487455775970E+01
