1
    49  5.71843821671731600E+00  5.71843821671731600E+00  1.00000000000000000E+00
        0.00000000000000000E+00  0.00000000000000000E+00  0.00000000000000000E+00
  4.99320016236592945E-01  5.49992746489270168E+00  1.13584888363183278E+00
  3.86843475895407518E-01  3.61751682402628394E-01  4.30326862891077511E+00
  4.35593091641452157E-01  5.62249066585690405E-01  1.64899861721496310E+00
  4.67890918638375786E-01  2.88815833148422563E+00  3.51047388294390750E+00
  3.24398322089623270E-01  1.58430570619355393E-01  3.00342691947084228E+00
  4.63716653740985807E-01  2.17688636217435993E+00  2.90961135395935511E+00
  3.52097530359280431E-01  2.29917285920479664E+00  4.66096165409576191E+00
  4.89844197187210673E-01  2.77225004003963571E+00  5.38507465272538965E+00
  5.20046287948626729E-01  4.37602656809303348E+00  2.41682896277905268E+00
  4.23782255058301971E-01  2.27739511448204146E+00  4.33903703656828843E-01
  5.25698510086548443E-01  3.61535157970421883E+00  1.69951081921023595E+00
  3.63113014330952943E-01  5.20900942846362192E+00  2.74016357103232400E+00
  3.32415077939048842E-01  3.97560386339433602E+00  4.44773831946606002E+00
  3.91193700821028278E-01  5.16200979156772188E+00  1.95853606869418995E+00
  3.39573254068167352E-01  4.51214085569553092E+00  4.85778783852299956E+00
  4.31657393346768892E-01  1.68650250738075358E+00  2.16067102694534130E+00
  4.59594913921300530E-01  4.81678617877401027E+00  4.63673909402814388E-01
  3.99644217137000435E-01  5.33317687395853746E+00  4.54879490034079925E+00
  2.61714707402908475E-01  4.46114312712052996E+00  5.55497044430944964E+00
  4.39536840394549433E-01  8.93613666300106857E-01  2.52111672834782663E+00
  4.15861254855514229E-01  2.21422752752847257E-01  5.09314666154791773E+00
  3.77813528709111002E-01  1.09770008324404289E+00  4.09606500952302355E+00
  4.19830699308021527E-01  4.64421494450824746E+00  4.10594695501652662E+00
  3.82389590076227859E-01  9.90240500754362762E-01  4.84861113078498285E+00
  4.11866930143960586E-01  8.50510260794078321E-01  5.63046352000460804E+00
  4.76428564711833868E-01  3.84405043863486551E+00  3.64177437945572935E+00
  4.94520713715948246E-01  3.40261858900537728E+00  2.69832426243150758E+00
  3.57763158026203731E-01  4.04519483932114987E+00  8.95196976538922717E-01
  3.46069468232182209E-01  5.88721889988846225E-01  8.19621852413997098E-01
  4.55518508171409764E-01  1.34295531095475362E+00  3.29497030682419823E+00
  3.68203571445767597E-01  1.13158083967992484E-01  2.31397896418190419E+00
  3.95456078881935680E-01  4.64601043048763884E+00  3.29108345541368008E+00
  4.72125438730357949E-01  3.35983333181587440E+00  4.27772350660427347E-01
  4.80809352357433939E-01  5.43372661805189683E+00  3.67457758997673434E+00
  4.47475154528312213E-01  2.04413075748091133E+00  3.86350051562395214E+00
  5.09344398601035198E-01  3.13493846589501812E+00  4.45489855705860016E+00
  3.03873993631183392E-01  1.19091388433079226E+00  1.26245736880213277E+00
  5.04256127157716838E-01  3.75720627891326897E+00  5.25473555238037271E+00
  4.07840088401265011E-01  2.86001922511073392E+00  1.15129517549062310E+00
  3.73093474755522014E-01  5.62324656684948465E-01  3.57075687526923247E+00
  4.27722430801810549E-01  5.11796263566370424E+00  5.34716412910409034E+00
  5.31615470785720023E-01  1.75201322447544316E+00  5.35449662933152304E+00
  3.15123140579539662E-01  1.64854548821032876E+00  4.51495039970886403E+00
  4.03769922899484768E-01  4.52067766621676004E+00  1.48955168340204125E+00
  4.43495808353686793E-01  1.41816681700069980E+00  5.51379999533729293E-01
  5.14601645209053493E-01  2.63431148846984220E+00  2.04537985915843112E+00
  4.85277651035462332E-01  1.97848761592709366E+00  1.29176136335151770E+00
  2.88611769991816314E-01  4.09958032391961513E+00  2.51240159078139513E-01
  4.51480705129774618E-01  4.60755572680046424E-02  2.23711957781903698E-01
