1
    49  5.71843821671731600E+00  5.71843821671731600E+00  1.00000000000000000E+00
        0.00000000000000000E+00  0.00000000000000000E+00  0.00000000000000000E+00
  4.89844197187210673E-01  3.14815854631459535E+00  1.30021477810542158E-01
  4.23782255058301971E-01  5.15910420381889701E+00  2.40082561799933147E+00
  2.61714707402908475E-01  9.83432223596503619E-01  1.41085629360329801E+00
  4.99320016236592945E-01  4.42952075090448449E+00  1.83559867637060714E+00
  3.15123140579539662E-01  3.72492509114767012E+00  1.42659808649828168E+00
  4.03769922899484768E-01  3.82393142997647928E+00  7.14517905727078739E-01
  4.63716653740985807E-01  2.21415932021474848E+00  3.24559481157925589E+00
  3.95456078881935680E-01  3.53274526691500679E+00  5.05132072077873495E+00
  4.59594913921300530E-01  6.63972019880516129E-01  3.48169093021802167E+00
  3.46069468232182209E-01  3.76022178802186247E-01  1.42900124935245287E+00
  4.94520713715948246E-01  6.51439969867277507E-02  6.71461376794733056E-02
  5.20046287948626729E-01  2.08605727291530263E+00  4.27891108684280219E+00
  4.39536840394549433E-01  3.18035151814459338E+00  1.94912948922357798E+00
  4.51480705129774618E-01  3.92386219687950089E+00  3.37834464406352186E+00
  4.72125438730357949E-01  3.96774878582924595E+00  4.30080175553738364E+00
  3.91193700821028278E-01  5.50591090616211520E+00  3.13817481094433059E+00
  3.99644217137000435E-01  2.43729220707757133E+00  6.64000535794879831E-01
  3.73093474755522014E-01  7.91364271072017567E-01  2.01594685113743077E+00
  4.11866930143960586E-01  4.60656382581365875E+00  9.42184221614398076E-01
  4.35593091641452157E-01  2.42984922923104518E+00  1.49908865590295837E+00
  4.27722430801810549E-01  5.30695209856077810E+00  1.46139148244782446E+00
  4.31657393346768892E-01  2.27862502847755755E+00  2.35282499542693690E+00
  5.31615470785720023E-01  1.32703542246446160E+00  2.74518138761190222E+00
  3.39573254068167352E-01  1.68907470671715365E+00  5.04129409321788735E+00
  3.77813528709111002E-01  1.72395076069572739E+00  9.72323263582916097E-01
  3.24398322089623270E-01  9.42911389894467433E-02  2.03725143098688077E+00
  4.47475154528312213E-01  4.79794847209722164E+00  3.58753328320610665E+00
  5.25698510086548443E-01  3.03879386321332179E+00  3.79191463601237055E+00
  5.09344398601035198E-01  4.92049767371914282E+00  4.53632662723293567E+00
  4.85277651035462332E-01  1.57940988722145209E-01  4.81048436759625098E+00
  3.52097530359280431E-01  4.51776269247811246E+00  2.83724436434744254E+00
  4.19830699308021527E-01  5.63181547391777393E+00  3.93917076858091741E+00
  4.76428564711833868E-01  9.41440658104298000E-01  5.36817228574272232E+00
  3.82389590076227859E-01  3.11529336933470224E+00  1.05363803167095527E+00
  5.14601645209053493E-01  8.96173090877238843E-01  6.39534221717091067E-01
  3.03873993631183392E-01  5.27163373690997350E+00  6.79261511408020935E-01
  5.04256127157716838E-01  1.05557867144487805E+00  4.39454846986796888E+00
  4.80809352357433939E-01  4.81790782119122518E+00  5.64944033249982613E+00
  3.86843475895407518E-01  4.11422931183409335E-01  2.67385260177256079E+00
  3.57763158026203731E-01  3.98030149028473978E+00  5.68797495914288476E+00
  4.07840088401265011E-01  2.43882156165705855E+00  5.29839265364641765E+00
  4.43495808353686793E-01  3.01668639441230280E+00  2.82299880031669614E+00
  3.32415077939048842E-01  4.26027481630292737E+00  5.05752854540880215E+00
  4.67890918638375786E-01  1.75569106969567890E+00  1.27501361167030147E-01
  3.63113014330952943E-01  2.87957714260122843E+00  4.66609906405001418E+00
  4.15861254855514229E-01  3.81961394240945173E+00  2.51744445411953865E+00
  3.68203571445767597E-01  1.47784615625778604E+00  3.63179385852602055E+00
  4.55518508171409764E-01  1.58947585483124221E+00  1.79420254108724730E+00
  2.88611769991816314E-01  1.20755822882869152E-01  8.48219741114677461E-01
