1
   256  1.46547899299205024E+01  1.46547899299205024E+01  1.00000000000000000E+00
        0.00000000000000000E+00  0.00000000000000000E+00  0.00000000000000000E+00
  6.18629963306851494E-01  1.10733342479534080E+00  7.55797515513039642E-01
  3.32415077939048842E-01  3.24430109081626117E-01  1.25622953322128001E+01
  4.67890918638375786E-01  9.00074327033352795E+00  1.38072234964403662E+00
  5.44304387543585899E-01  1.29474868851243108E+00  1.34180015947720115E+01
  4.51480705129774618E-01  4.50799905044622928E+00  2.44879207845968239E+00
  4.27722430801810549E-01  2.14797185704960780E+00  8.65785931415847365E-01
  5.84052665650241831E-01  1.42468672607932039E+01  6.36313307334459566E+00
  4.94520713715948246E-01  8.03838391393163043E+00  1.38962652304196044E+00
  6.76798013306122437E-01  4.90822103371698293E-01  4.07229158639860422E+00
  3.57763158026203731E-01  5.98664547613117115E+00  7.56781210141700011E+00
  4.94520713715948246E-01  3.90404695804844204E+00  1.15590493009766568E+01
  4.63716653740985807E-01  9.87265708987525059E+00  1.70900365557900491E+00
  5.51209621313964448E-01  9.42657370474877609E+00  9.67620846237848120E+00
  3.68203571445767597E-01  1.07997515251327059E+01  5.30606775035857847E+00
  4.85277651035462332E-01  4.69394699230542445E-01  7.04694176667430217E+00
  4.80809352357433939E-01  1.00230207437632437E+01  4.96256223278441055E+00
  4.76428564711833868E-01  1.29215254290030135E+01  1.65102088271851244E-01
  4.51480705129774618E-01  1.87602378709733042E+00  1.26090454099985063E+01
  3.57763158026203731E-01  8.19074972711385918E+00  4.52427498148552143E+00
  2.61714707402908475E-01  1.33286493974163633E+01  6.11635103651366308E+00
  4.19830699308021527E-01  1.08556818725709672E+01  1.17766585677334650E+01
  3.82389590076227859E-01  1.01632479415684269E+01  1.03655394458665953E+01
  5.09344398601035198E-01  2.89473584532104145E+00  3.29575843527814172E+00
  4.80809352357433939E-01  3.41752455813785350E+00  5.12533486990889564E+00
  4.59594913921300530E-01  1.15858137954196252E+01  1.27510603032438325E+01
  3.86843475895407518E-01  1.00067992547913285E+01  8.93911656493496132E+00
  3.68203571445767597E-01  2.92567670422622372E+00  2.39878501255926535E+00
  4.51480705129774618E-01  4.79189873974535541E+00  1.27577071793587500E+01
  3.24398322089623270E-01  8.74324630178431583E+00  1.26999730411261069E+01
  4.94520713715948246E-01  3.74051242175737153E+00  1.05835993102769734E+01
  4.89844197187210673E-01  1.42304385780213707E+01  7.43692084576143131E+00
  3.24398322089623270E-01  1.11274198071999493E+01  1.33871645719101018E+01
  4.07840088401265011E-01  1.26204512287703743E+01  1.14838421965381823E+01
  5.14601645209053493E-01  1.33442263922679794E+00  9.39289361577175086E+00
  3.95456078881935680E-01  5.18599707683790712E+00  5.42815882467719035E+00
  4.67890918638375786E-01  1.41934043904184701E+01  9.26501533815622658E+00
  5.20046287948626729E-01  6.77616632467031277E+00  4.73157957718867461E+00
  4.35593091641452157E-01  3.04536476719140037E+00  1.12015933534070857E+01
  3.91193700821028278E-01  2.63628622680698044E+00  5.95926545248803041E+00
  4.07840088401265011E-01  7.16169411174905157E+00  1.06410537884212353E+01
  5.31615470785720023E-01  1.24933226689527679E+01  7.54433071513174713E+00
  5.14601645209053493E-01  4.42841912992307130E-01  8.87817754727681319E+00
  5.04256127157716838E-01  4.04645147125524662E+00  5.88352565853416998E+00
  5.58522656896212943E-01  9.96049693596479102E-02  1.08658947163683699E+01
  4.15861254855514229E-01  1.42453350510948979E+01  1.27087153619290394E+01
  3.03873993631183392E-01  1.12492671380320974E+01  1.40035394044898425E+01
  3.46069468232182209E-01  3.54998739936314900E+00  2.74581022950008924E+00
  4.27722430801810549E-01  8.19694315405538987E+00  1.21818623104117449E+01
  3.99644217137000435E-01  3.73629748711135079E-02  5.48515083153733318E+00
  3.52097530359280431E-01  6.47350231868731107E+00  1.35672606309301411E+01
  3.91193700821028278E-01  1.41619217220903924E+01  1.01235387321025971E+01
  3.39573254068167352E-01  1.28494732931347144E+01  8.33940257137885510E+00
  5.66360199145834020E-01  5.67452684728961110E+00  4.59955181383493805E+00
  5.74831520378236704E-01  2.77581394387643021E+00  8.03999430830999984E+00
  3.52097530359280431E-01  2.49076424424864173E+00  1.43151968131097505E+01
  3.86843475895407518E-01  5.08889565261052912E+00  3.84407389809095346E+00
  4.55518508171409764E-01  6.36552977715868185E+00  3.84660967935585241E+00
  4.72125438730357949E-01  3.10770259816769689E+00  1.21072034436306915E+01
  5.37810517302381941E-01  1.16981647339238837E+01  9.19643753342477766E+00
  4.03769922899484768E-01  4.96392195093766375E+00  1.37559227886526596E+01
  7.12415049870974815E-01  1.06192132253040228E+01  7.09332300720252107E+00
  2.88611769991816314E-01  9.55245701059162955E-01  1.10948479900130508E+01
  5.94209643691275047E-01  3.37080564021311924E+00  7.92328381754318412E-01
  4.63716653740985807E-01  1.55254206228739911E+00  1.17528120860775136E+01
  5.25698510086548443E-01  2.16023010300314622E-01  1.34135750894615260E+01
  6.33887818117127244E-01  5.83558129498421163E+00  1.43192174454501977E+01
  5.25698510086548443E-01  2.41251985284860959E+00  5.07009734760426589E+00
  4.47475154528312213E-01  1.18995183985145090E+01  1.36268252206446263E+01
  4.07840088401265011E-01  8.77527008774826811E+00  7.76760092428741533E+00
  3.77813528709111002E-01  7.68205136468780925E+00  1.36309694650772784E+01
  4.80809352357433939E-01  1.72116318062837936E+00  1.66792200127615509E+00
  3.03873993631183392E-01  1.30685060761295251E+01  2.69430322253680021E+00
  4.63716653740985807E-01  1.07728964979621491E+01  4.38821229626204001E+00
  4.23782255058301971E-01  5.67134524753597979E+00  1.22078610199978943E+01
  5.04256127157716838E-01  7.02633267429241837E+00  1.42214159863949448E+01
  6.05622674562866781E-01  1.37030708210662429E+01  5.30486796196163546E+00
  4.31657393346768892E-01  8.55620255957316722E+00  5.88524762569891835E-01
  3.99644217137000435E-01  2.15895718539195958E+00  2.44092082726266835E+00
  3.86843475895407518E-01  1.43269546529080805E-01  3.70363356255317022E-01
  4.67890918638375786E-01  1.17742399078960496E+01  6.85011963223029330E+00
  5.37810517302381941E-01  9.37577431194641342E+00  6.96310601240282168E+00
  4.43495808353686793E-01  1.40371120958904481E+01  2.46423881053850868E+00
  3.82389590076227859E-01  4.84157965369062726E+00  1.45325765588452356E+01
  4.27722430801810549E-01  2.82397896135695303E+00  1.03449840855561490E+01
  6.52521334120696239E-01  1.12145470085764014E+01  3.04571986192624100E-01
  4.59594913921300530E-01  9.87319901397406419E+00  2.63267592394418815E+00
  5.31615470785720023E-01  2.53695289516670819E+00  9.41330762012920630E+00
  5.09344398601035198E-01  9.35113621856307553E+00  1.07340916262388042E+01
  3.39573254068167352E-01  1.10445823850593623E+01  6.10210257344194851E+00
  5.31615470785720023E-01  9.24138568040564157E-01  5.20043551299323781E+00
  3.73093474755522014E-01  7.46272172139656753E+00  1.26357293455438402E+01
  4.89844197187210673E-01  1.24604270701710398E+01  1.06004805096380430E+01
  5.51209621313964448E-01  1.08351338635606922E+01  8.49371456417116555E+00
  3.15123140579539662E-01  3.65667985107501980E+00  7.85554891525448618E+00
  4.11866930143960586E-01  1.34835505918716425E+00  2.47913706048037374E+00
  5.44304387543585899E-01  7.58033773018599888E+00  4.57162545794179975E-01
  5.20046287948626729E-01  9.54006519132293107E+00  1.29795654469276016E+01
  4.72125438730357949E-01  2.67161625445151030E+00  1.59766142532293132E+00
  4.99320016236592945E-01  5.65247794420670768E+00  1.12552073837216717E+01
  3.82389590076227859E-01  1.21283669833904302E+01  8.38243329698993023E+00
  3.68203571445767597E-01  8.00432104320670135E+00  1.43039167604014210E+01
  2.61714707402908475E-01  3.28090018692502827E+00  5.85527757002820515E+00
  3.03873993631183392E-01  1.01559732991269538E+01  1.19618295156032080E+01
  5.84052665650241831E-01  1.80302831233353311E+00  3.36523209667303291E+00
  5.44304387543585899E-01  1.04104324414778766E+01  1.38776994659140485E+01
  3.91193700821028278E-01  1.26123088706157827E+01  9.03065897372490589E+00
  3.15123140579539662E-01  3.10456220512918124E+00  1.45775524791686237E+01
  5.94209643691275047E-01  4.15567464229789696E+00  3.46511443674595832E+00
  4.94520713715948246E-01  6.54506631267471928E+00  1.25993330466394049E+01
  4.85277651035462332E-01  4.84776192315988297E+00  1.18226070107948491E+01
  2.88611769991816314E-01  8.52633261137800424E+00  2.00322180106058179E+00
  3.39573254068167352E-01  7.08182646649406955E+00  1.32380717981527027E+01
  4.39536840394549433E-01  1.06408485378397497E+01  1.23385242921142857E+00
  5.20046287948626729E-01  2.35857558115032440E+00  1.34524907101543754E+01
  5.66360199145834020E-01  9.10950594777370171E+00  5.89138743977393098E+00
  3.32415077939048842E-01  1.30740422947486401E+01  4.60892594089102570E+00
  4.35593091641452157E-01  8.22453487231899416E+00  5.32984967764912643E+00
  5.37810517302381941E-01  1.28926846203923446E+01  1.38060074396102337E+01
  3.52097530359280431E-01  1.57589859294079826E+00  1.09355004898496002E+01
  3.82389590076227859E-01  1.35828825007407463E+01  3.15399353298402119E+00
  4.39536840394549433E-01  7.26148938303830427E+00  5.55948067035845028E+00
  4.19830699308021527E-01  8.74791543134450933E+00  1.34957682661840028E+01
  3.68203571445767597E-01  8.66330328880978051E+00  1.01889952507040977E+01
  5.09344398601035198E-01  4.32337362954606164E+00  9.76624013349380959E+00
  6.18629963306851494E-01  7.28361230038436691E+00  1.16602834577417784E+01
  3.91193700821028278E-01  1.16277634262294196E+01  4.40662560504071710E+00
  3.32415077939048842E-01  1.23378681066083029E+01  9.78695388015883161E+00
  5.25698510086548443E-01  9.02933993194368867E+00  4.80225028340426441E+00
  5.74831520378236704E-01  8.31934249932566061E+00  1.10670739104416178E+01
  4.67890918638375786E-01  7.85830651432130622E+00  8.44341329334460688E+00
  4.76428564711833868E-01  3.32935141674765989E+00  6.59188383207652517E+00
  3.15123140579539662E-01  1.45677179792912597E+01  1.03345906405321109E+00
  7.85587123177844182E-01  6.76364509588950291E+00  1.50690837959191382E+00
  4.89844197187210673E-01  4.13210380974349967E+00  1.34292135476112264E+01
  5.20046287948626729E-01  1.15853272243098679E+01  2.72574904270198770E+00
  5.25698510086548443E-01  7.33419981163257573E-01  1.43289921460211023E+01
  7.85587123177844182E-01  1.25195907906393167E+01  3.63791925692763307E+00
  5.94209643691275047E-01  5.01449833791232535E+00  6.40287785463758308E+00
  4.99320016236592945E-01  1.33544532088219476E+01  6.97747021309910043E+00
  3.86843475895407518E-01  6.59522824818335529E+00  3.46586630335064094E-01
  3.77813528709111002E-01  8.11342959710083989E+00  1.30105318791859954E+01
  4.43495808353686793E-01  1.12903972003815056E+01  3.64307726609257054E+00
  4.15861254855514229E-01  8.78793249473454274E+00  1.43308268475060316E+01
  4.23782255058301971E-01  2.54013330804419013E-01  9.79736331313819342E+00
  6.18629963306851494E-01  5.55416627979315081E+00  2.22048806971826451E+00
  4.31657393346768892E-01  5.73704907382309237E+00  9.30123160087069500E+00
  5.74831520378236704E-01  9.72520239294498623E+00  8.01945746334460097E+00
  3.57763158026203731E-01  1.15080218982558566E+01  5.14620671747192748E+00
  7.85587123177844182E-01  9.75944472748982861E+00  3.82903989695384084E-01
  2.61714707402908475E-01  5.72693043479249297E+00  1.35717947139870976E+00
  2.88611769991816314E-01  2.61251994472631255E+00  1.26847352226525825E+01
  3.32415077939048842E-01  8.66424720392469716E+00  3.97369139111266012E+00
  5.58522656896212943E-01  8.70368853418033162E+00  3.07728990121593515E+00
  3.63113014330952943E-01  5.31200124438790233E+00  7.31339526294411169E+00
  6.33887818117127244E-01  9.22271570638840643E+00  1.18701192645316649E+01
  4.03769922899484768E-01  3.41043579143204978E+00  9.74806897176596898E+00
  3.39573254068167352E-01  6.48209052293022481E+00  9.10189482888554657E+00
  3.57763158026203731E-01  6.46748494140573538E+00  1.09673254426760725E+01
  5.66360199145834020E-01  6.56225167305636425E+00  2.84382012541412577E+00
  6.05622674562866781E-01  3.69862440301545847E+00  8.78040397420800822E+00
  4.55518508171409764E-01  1.40102277379995694E+01  1.56556602133362643E+00
  7.12415049870974815E-01  1.12629109124910105E+01  1.07122210868441154E+01
  5.14601645209053493E-01  1.73588461149240803E+00  5.86056957050308558E+00
  3.52097530359280431E-01  6.32062267969481972E+00  1.17829291630157638E+01
  4.51480705129774618E-01  1.93494346316081911E+00  8.63601253542758762E+00
  6.76798013306122437E-01  1.17155160911673857E+01  1.53598945371385054E+00
  3.63113014330952943E-01  5.75381589454033193E+00  3.30255700139164654E+00
  4.19830699308021527E-01  1.27685154468072604E+01  5.72696197478741365E+00
  3.03873993631183392E-01  2.61690615877084110E+00  3.04161903691850810E-01
  4.03769922899484768E-01  1.24602613520840073E+01  2.32419669794385575E+00
  7.12415049870974815E-01  9.75443491183022893E+00  3.79866442004122140E+00
  4.72125438730357949E-01  4.89631048093698951E+00  8.96928023077340875E+00
  4.35593091641452157E-01  1.14539817005148015E+00  8.23112608860260053E+00
  3.46069468232182209E-01  8.56090567582229944E+00  6.62055163011466519E+00
  5.31615470785720023E-01  5.68749855971838247E+00  1.31631536260857658E+01
  4.99320016236592945E-01  1.17742006664078360E+01  1.18108191321911313E+01
  3.77813528709111002E-01  1.05045334468552687E+00  1.25288346678396572E+01
  5.58522656896212943E-01  8.84348566473438957E+00  8.73163774384570246E+00
  4.47475154528312213E-01  1.15457678715455678E+01  7.79146128570578789E+00
  3.46069468232182209E-01  1.22094426885917731E+01  6.19141258243203652E-01
  5.09344398601035198E-01  3.95006263099996513E+00  1.45071634610436409E+01
  3.46069468232182209E-01  1.36072288643802217E+01  1.43262875229931499E+01
  6.05622674562866781E-01  4.57383861699474004E+00  7.94085445975268289E+00
  4.63716653740985807E-01  1.92378688456260427E+00  1.01974170899083312E+01
  5.94209643691275047E-01  6.81756881592282671E+00  8.23035593088441253E+00
  4.59594913921300530E-01  1.70279289499686715E+00  1.45112965106335530E+01
  4.85277651035462332E-01  1.18799889457960859E+01  5.90276763771012103E+00
  3.95456078881935680E-01  8.30122450861207994E+00  9.51655001761654695E+00
  4.07840088401265011E-01  5.87950536013365710E+00  7.05226993400461133E-01
  4.03769922899484768E-01  1.26443374974904987E+00  6.64897881754800135E+00
  4.35593091641452157E-01  1.42356794254999297E+01  8.36248807127056004E+00
  7.12415049870974815E-01  7.52275272608990164E+00  3.68816377229470804E+00
  4.55518508171409764E-01  1.44075977817177581E+01  1.42786503536352409E+01
  4.89844197187210673E-01  5.99612064303484904E-01  1.17874355165403983E+01
  7.85587123177844182E-01  4.72858079026863365E+00  1.04033503410944173E+00
  5.66360199145834020E-01  7.35444380443400458E+00  9.34665791438408355E+00
  4.11866930143960586E-01  1.34476466039387734E+01  7.88453119923486323E+00
  4.19830699308021527E-01  5.95134121691289586E+00  6.79100407749615975E+00
  5.74831520378236704E-01  7.76847786215494374E+00  2.42444466076495324E+00
  6.52521334120696239E-01  6.18515450203898887E+00  5.74436397637560958E+00
  4.55518508171409764E-01  1.01944788925020653E+01  1.12029786120901331E+01
  4.59594913921300530E-01  3.26673749686180903E+00  1.38199405143024787E+01
  3.99644217137000435E-01  1.21307536641863862E+01  1.44418570045462147E+01
  4.80809352357433939E-01  9.87986473204626403E-01  1.03261138576707996E+01
  4.43495808353686793E-01  3.93489576863114898E+00  1.24997677407352974E+01
  3.73093474755522014E-01  9.15633763407013213E+00  2.20829595013396274E+00
  3.24398322089623270E-01  1.33451148275177545E+01  2.12979436881290640E+00
  4.99320016236592945E-01  1.61076277506983390E+00  4.43143205357056136E+00
  5.14601645209053493E-01  1.01892351386570805E+01  5.94409222223145672E+00
  5.44304387543585899E-01  1.38788872036153776E+01  5.19483881250394797E-01
  4.39536840394549433E-01  6.50793835696530820E-01  2.96734201283045929E+00
  3.95456078881935680E-01  9.47070789007762848E+00  1.38924691266199822E+01
  4.47475154528312213E-01  7.91580383538912802E+00  6.15840864221030682E+00
  5.58522656896212943E-01  6.43679407869348719E+00  1.00018795356292003E+01
  3.99644217137000435E-01  1.25781862202949100E+01  6.52406812684272985E+00
  3.63113014330952943E-01  1.85841015311663127E+00  7.82500183944797012E+00
  5.51209621313964448E-01  1.05759786700136384E+01  1.27066936139161388E+01
  4.39536840394549433E-01  4.15814277012596456E+00  6.98192261405509385E+00
  6.76798013306122437E-01  7.79643124404918275E+00  7.30017118761454409E+00
  2.61714707402908475E-01  1.23880705755874185E+01  1.22606986767141741E+01
  4.23782255058301971E-01  1.44262657011369129E+01  3.23931269817131406E+00
  2.88611769991816314E-01  3.31310136088034701E+00  7.35738527426239752E+00
  5.37810517302381941E-01  3.70151665177315614E+00  1.87499347971047170E+00
  4.72125438730357949E-01  1.38658355179067510E+01  1.35145491595543952E+01
  3.95456078881935680E-01  3.23653905606198533E+00  1.29651772805045482E+01
  6.52521334120696239E-01  1.35458568859641204E+01  1.09660632895517036E+01
  3.15123140579539662E-01  1.44758009920753388E+01  4.80390328298995417E+00
  5.04256127157716838E-01  1.07215520302135161E+01  2.17426885416525861E+00
  4.31657393346768892E-01  4.59505196515113390E+00  1.09411876568367905E+01
  6.33887818117127244E-01  2.26727645204658890E+00  6.91566478716858324E+00
  3.77813528709111002E-01  5.04754418468981481E+00  3.07861365513592178E+00
  4.27722430801810549E-01  1.24512270398664739E+01  1.29472989366394362E+01
  6.52521334120696239E-01  4.45748425645609103E+00  4.67477871494553909E+00
  5.04256127157716838E-01  5.66553611872375562E+00  8.36790000639768117E+00
  4.11866930143960586E-01  2.46361695826022986E+00  4.11056427318976603E+00
  3.24398322089623270E-01  7.60774446803463356E+00  4.87846424840587822E+00
  4.15861254855514229E-01  7.85307826620615401E+00  1.01929726388494455E+01
  3.73093474755522014E-01  2.38516737476065943E+00  1.16686410629626085E+01
  3.63113014330952943E-01  2.29115846171232729E+00  1.09384308169867630E+01
  6.05622674562866781E-01  1.38634451015072493E+01  4.10171458985819903E+00
  6.76798013306122437E-01  4.46104363479820243E-01  1.86992828340500705E+00
  4.47475154528312213E-01  5.95224109798294321E-01  6.12267140731030945E+00
  4.76428564711833868E-01  3.34990908316105074E+00  4.17014786944137228E+00
  5.84052665650241831E-01  5.31578011131651351E+00  1.02254685413186603E+01
  4.15861254855514229E-01  1.06324775710034594E+01  3.09006721192161393E+00
  4.76428564711833868E-01  1.42885513292151778E+01  1.18163986418537768E+01
  4.43495808353686793E-01  7.06372046542194720E+00  6.42018000559104962E+00
  4.31657393346768892E-01  6.69143876771066726E+00  7.21219386606313329E+00
  4.85277651035462332E-01  1.23250922246386310E+01  4.93777308862551134E+00
  3.73093474755522014E-01  1.23985882667507030E+00  7.42554628851617071E+00
  4.11866930143960586E-01  1.34574340928615239E+01  8.78253964984258317E+00
  6.18629963306851494E-01  1.29808861518970513E+01  1.25858513548977191E+00
  5.84052665650241831E-01  1.32552890536425831E+01  9.76403262602049615E+00
  4.23782255058301971E-01  3.34287770787591532E-01  7.94605930985069708E+00
  5.51209621313964448E-01  1.06825914656213268E+01  9.58969655469799953E+00
  6.33887818117127244E-01  1.32832962769095175E+01  1.22878557027367190E+01
