4
   512  6.75123455836456809E+00  6.75123455836456809E+00  6.75123455836456809E+00
        0.00000000000000000E+00  0.00000000000000000E+00  0.00000000000000000E+00
  3.55575626152149271E-01  1.03157494653226278E+00  3.38222088000496746E-01  6.62597103288343092E+00
  3.96383251075161813E-01  5.89159562144620708E+00  3.60209402584176352E+00  2.19442089828882114E+00
  3.37575933792008509E-01  1.96715335609940878E+00  8.51170963983175932E-01  4.69590145880864718E+00
  2.14322779410510394E-01  4.03810114663898378E+00  2.29428735819542329E+00  4.66564889025737006E+00
  3.81909890374632355E-01  8.52617492516742348E-01  4.88585980019602317E+00  6.59546997518454159E+00
  4.93220738472549158E-01  6.00234458056303488E+00  6.58537153261377917E+00  1.62324731408420231E+00
  5.02120514290034237E-01  5.57455024002415200E+00  4.99750563815168025E+00  1.52193772714149334E+00
  5.29698296771959232E-01  2.01344479093010925E-01  3.52567717398395319E-01  5.15075032868237948E+00
  5.75027356379647192E-01  5.46494849983288589E+00  6.35807496951024920E+00  3.78771232282466208E+00
  5.91749286368603356E-01  2.88453854822942546E+00  7.83786511066651981E-01  6.54095010053717063E-01
  5.54129086970597151E-01  2.25635925182274422E+00  1.91297421801535572E+00  2.60959467655213162E+00
  4.28056431560671025E-01  2.24938096282157662E+00  6.24075386835155621E-01  5.41228373783379091E+00
  4.36799992478945909E-01  4.36445827869827152E+00  8.33921020179921646E-01  2.18338600582546816E+00
  5.69669339224686877E-01  4.88958296823397287E+00  4.63903607506647919E+00  4.71293301182477364E+00
  5.06617780002852514E-01  6.80562392230444013E-01  3.16862521088248750E+00  3.28485926746088497E+00
  3.55575626152149271E-01  1.57250135468597763E+00  6.21169860514418382E+00  2.79112313242722498E+00
  4.05674446517406473E-01  1.11435449016664467E+00  2.02479043754006893E+00  5.34238946842316409E+00
  5.44158343748334383E-01  3.20831554413990405E+00  6.09039662640655699E+00  2.43252542849853715E+00
  4.62733810730875383E-01  3.42857612634930398E+00  6.07167115373343957E+00  5.38124430368172657E+00
  4.67051022334941945E-01  2.44712762349579327E+00  5.63239626571991447E+00  3.70822650701049339E+00
  3.61137627255947724E-01  6.18649534785051713E+00  6.60528072513091224E+00  5.64940509339780039E+00
  5.64404144318620404E-01  5.81869995725552069E+00  2.15875994526906825E-02  6.63195972899452624E+00
  5.86062212635089952E-01  1.16223285851567137E+00  4.58687680379109874E+00  4.63559519560054145E+00
  5.86062212635089952E-01  2.54740543956296861E+00  3.94384906214073627E+00  5.59231648930512026E+00
  3.66532661804007787E-01  1.73274412441674275E+00  3.88914477059841124E+00  3.38234561602025696E+00
  3.37575933792008509E-01  3.60113554747781572E+00  9.48020314456652219E-02  4.75161966649943412E+00
  3.49822487141294602E-01  1.62451247811796962E+00  4.17163360784759973E+00  2.09102641227706254E+00
  5.64404144318620404E-01  4.72212650112204280E+00  4.35985832458744937E+00  1.58811332770213132E+00
  2.46370760027530694E-01  2.94127369473539790E+00  2.73729732774293222E+00  4.21944046333202394E+00
  2.78555296554233556E-01  2.61358720455255344E+00  2.08902725627448688E-01  3.43376914442081560E+00
  3.30997587999695309E-01  5.90122330090956382E+00  5.37329916279431963E+00  6.04459806345585804E+00
  5.49108239936929698E-01  5.50620949826710238E+00  2.46979205761491460E+00  1.04453098311154879E+00
  5.75027356379647192E-01  4.91583556260256405E+00  6.74028334046390754E+00  2.10392522431085904E+00
  4.71376829571238165E-01  6.92913589619599812E-01  7.93190652383919947E-01  6.02428816656477650E+00
  4.41142703402056136E-01  4.35539576389057270E+00  9.11938414069260794E-01  3.09551007723923099E+00
  5.49108239936929698E-01  4.34103339862416693E+00  3.68805718182374287E+00  4.49877443005245681E+00
  4.45471777578522854E-01  3.61943461429964586E+00  2.93606126038398552E+00  1.38776813664757870E+00
  4.10231171689561747E-01  1.85042730772069453E+00  6.19747895433497131E+00  8.55913206979603380E-01
  3.96383251075161813E-01  5.83015634687540274E+00  4.89498940437526020E+00  2.50262504529286867E+00
  5.34458872568623455E-01  2.77305144768221501E+00  2.12116766257634826E+00  4.66854538536472319E+00
  4.84429066430730915E-01  5.68595167728502382E+00  1.21377284793249562E+00  6.04589361053845487E+00
  3.91639445074813297E-01  5.59136268579169649E-01  2.49056472585860567E+00  8.88992203238370138E-02
  5.24991069551568490E-01  5.10905139119578067E+00  2.71767953014955654E-01  1.05889971795514226E+00
  4.93220738472549158E-01  2.10432088908761727E+00  7.03381783398668747E-01  1.40364204516347590E+00
  4.49792344455842874E-01  2.96504449474872533E+00  4.60600069381067811E+00  9.29648942362883979E-01
  4.01058911976384491E-01  7.58942255200685034E-01  2.37969599716882474E+00  1.22681438508665486E+00
  4.05674446517406473E-01  5.20105811077679459E+00  2.81924667030606546E+00  5.60938567341384875E+00
  2.64730453937343402E-01  1.81661356168069110E+00  6.32804694360675857E+00  6.24262535558252019E+00
  5.29698296771959232E-01  2.86014464785362543E+00  3.51177458669970477E+00  1.18076849778706650E+00
  5.59225941233592594E-01  6.14973072563031842E+00  6.49739417445517020E+00  4.73423909796057085E+00
  5.29698296771959232E-01  5.92094136106782809E+00  5.01789826901127523E+00  4.68239209255627209E+00
  3.16615288597822842E-01  1.37350953778581059E-01  1.24907209589776969E+00  7.01426349794211923E-01
  4.67051022334941945E-01  4.57477514930881046E+00  1.71484284984012114E+00  4.27593152310630487E+00
  5.69669339224686877E-01  2.53802016330038338E+00  5.39674357764889390E+00  1.71176602824552848E+00
  4.19212477446155474E-01  3.40582349249140037E+00  5.24124899721540771E+00  5.33059349145598160E-01
  4.84429066430730915E-01  5.05201514856176193E+00  6.18862713385785668E+00  5.38413973292870462E+00
  4.14741582532007880E-01  4.05803260495380691E+00  2.41983259939859785E+00  8.56468766542397897E-01
  2.89926324498661514E-01  4.56865100368109067E-01  6.49114292555750400E-02  2.91864022241736354E+00
  4.54107542322554236E-01  3.79564282293247635E+00  6.00663854949049103E+00  4.52120417847785649E+00
  3.49822487141294602E-01  5.03750315262367243E-01  1.88357371708289545E+00  5.77064254353469597E+00
  2.99785386141821708E-01  6.09709869282084949E+00  5.47439784917997163E-01  6.00486412137847481E+00
  5.20333150277951795E-01  1.42969150214475671E+00  3.48077086607438790E+00  2.65590905131154242E+00
  4.75713279310277237E-01  1.44404984102262679E+00  5.39749923662343356E+00  2.68518045922074133E+00
  3.49822487141294602E-01  4.49298902163361369E+00  3.34067911811044560E+00  5.96593168311720401E+00
  2.46370760027530694E-01  1.84253451311682226E+00  5.63775820868068145E+00  3.24034358679862411E+00
  4.32438693220842718E-01  3.54362652372319964E+00  6.25450341657176168E-01  2.94804450764225301E+00
  5.06617780002852514E-01  2.23307639440129835E+00  4.38571578268816964E+00  1.50414432824608646E+00
  5.15720700463495496E-01  6.31756619066380232E+00  5.71683225755065383E+00  4.01441843353227235E+00
  5.59225941233592594E-01  5.17387696319042956E+00  1.45206961464985285E+00  3.29300658518474210E+00
  5.75027356379647192E-01  2.58003736527249672E-01  2.75455670266934183E+00  5.96047304835914371E+00
  5.54129086970597151E-01  4.39493445740021027E+00  3.42326257914399834E+00  9.88345486002917495E-01
  3.76902076901479588E-01  2.80394419930129457E+00  5.78805353350449181E+00  6.72050399826562916E+00
  3.37575933792008509E-01  3.36948948034633622E+00  4.74539359864353649E+00  6.71371978485132459E+00
  5.06617780002852514E-01  5.33687910367339668E+00  4.87987830780365606E+00  6.41800204323450618E+00
  3.81909890374632355E-01  1.59350167493129513E+00  3.11979498645474518E+00  6.03399330434797321E+00
  2.78555296554233556E-01  4.61486314220624827E+00  3.84961338947380627E+00  2.58546429375065401E+00
  5.80490670513443274E-01  3.54166761316453238E+00  1.29302005677990417E+00  6.40515028677899245E+00
  3.43844632468353784E-01  6.34865948445916572E+00  6.12568804494150410E+00  3.12473702050136248E-01
  5.11150069422808828E-01  6.36025782011517826E+00  5.44898636196464192E+00  2.01572229788810686E+00
  4.32438693220842718E-01  6.74754333884532009E+00  2.20238581660624461E-01  6.08135848876173402E+00
  5.15720700463495496E-01  6.59354011395693362E+00  2.16950085709195362E+00  2.05900503344227692E+00
  5.86062212635089952E-01  2.47488453499294581E+00  1.71696730002082099E+00  1.40848755963167993E+00
  4.19212477446155474E-01  5.40704364313335883E+00  3.09078681300703950E+00  4.85833962670724873E+00
  3.43844632468353784E-01  4.87306364369104816E+00  1.59379796142142993E+00  2.18547405891441615E+00
  5.75027356379647192E-01  3.56745998266945819E+00  5.49579219515722439E+00  6.23336040563166804E+00
  2.64730453937343402E-01  5.68173953359806383E+00  4.39341638497566045E+00  4.25296512261173643E+00
  3.08607932839089050E-01  4.37534095555043034E+00  1.46152870263747303E+00  2.58587785100016720E+00
  5.02120514290034237E-01  4.66262806570278698E+00  2.20853422873927752E+00  2.72694229991208781E+00
  4.84429066430730915E-01  4.34193242970541249E+00  3.13227090923915963E+00  2.85815873921827146E+00
  4.36799992478945909E-01  6.32677410642744142E+00  1.50265898060777703E+00  2.68461538662401011E+00
  4.14741582532007880E-01  3.84012331694730458E+00  2.15820257939864835E+00  6.01455330007397926E+00
  5.20333150277951795E-01  1.77787779147519132E+00  9.79300321676765950E-01  2.89963370113184160E+00
  4.05674446517406473E-01  5.84900349348323534E+00  2.50430421832184624E+00  5.23407534538684960E+00
  5.80490670513443274E-01  2.38410621933516198E-01  2.19450518797383332E+00  3.09283958923703173E+00
  5.54129086970597151E-01  1.55370355474916599E+00  3.63494952840948127E+00  5.12685942185215460E+00
  5.15720700463495496E-01  5.55878636353097111E+00  2.09047279160773769E+00  2.03795069202649559E+00
  3.37575933792008509E-01  3.40798249925180441E+00  6.39404824452968334E+00  6.20202940101536182E+00
  5.59225941233592594E-01  3.63517844183043870E+00  1.61056508924224118E+00  3.01379299232438136E+00
  4.49792344455842874E-01  6.06403638428944802E+00  5.71049298372438940E+00  5.35977133466179634E+00
  4.54107542322554236E-01  4.36689597854448408E+00  3.49588218701016107E+00  1.99342063509772971E+00
  2.64730453937343402E-01  5.31215473250586179E+00  5.34888606980985573E-02  3.08712798231761543E+00
  3.91639445074813297E-01  5.89445362764347003E+00  3.46565637674618765E+00  3.10298161844744413E+00
  5.86062212635089952E-01  6.67592702704376428E+00  3.56428833270617529E-01  2.28544786835671676E+00
  4.49792344455842874E-01  1.48932912838627041E+00  4.49749513162779913E+00  2.89561552462492688E+00
  4.41142703402056136E-01  6.02239535441339058E+00  2.88637486438217783E+00  1.77962079614358704E+00
  4.49792344455842874E-01  6.63623457233714653E+00  4.74391024772001924E+00  2.71071982669062894E+00
  4.75713279310277237E-01  4.76249113193093265E-01  5.23624177934959345E+00  1.36273723961685733E+00
  3.55575626152149271E-01  5.11856414086352896E+00  5.40346410898990115E+00  5.73655994351034693E+00
  5.20333150277951795E-01  1.08089663149784143E+00  1.70647973309034606E+00  6.86170963616694496E-01
  5.86062212635089952E-01  2.36177608343411993E+00  6.63193824758537076E+00  1.07866933815492949E-01
  5.49108239936929698E-01  1.26101828884746903E+00  2.71818923352073627E+00  4.58736816400325242E+00
  4.93220738472549158E-01  2.74889429847690137E+00  2.37065745355994617E-01  2.67459234983937133E+00
  4.01058911976384491E-01  5.64606617770039332E+00  4.88594747508317617E+00  5.56166841629960995E+00
  5.34458872568623455E-01  6.34889970984065766E+00  5.54929554110100032E+00  9.75074160969661596E-01
  4.05674446517406473E-01  2.09535183020307691E+00  5.05678439237980992E+00  8.85714965950080479E-01
  2.99785386141821708E-01  5.09928636918584743E+00  6.46549049582480073E+00  6.11769269044626007E+00
  4.32438693220842718E-01  8.89752669359276327E-01  5.62572810416915825E+00  5.55936583528192596E+00
  3.16615288597822842E-01  4.31082606727899442E+00  9.16973298898178024E-01  7.71321570196812356E-01
  4.28056431560671025E-01  4.88716318639164715E+00  1.83859558331141160E+00  6.73024371292693768E+00
  5.39277054206551698E-01  3.56681124470621924E+00  2.93843682530607397E+00  4.65019976974811300E+00
  3.76902076901479588E-01  5.73174894763103815E+00  4.81032419585883220E-01  2.14120938093169944E+00
  2.78555296554233556E-01  6.31664152831377201E+00  2.94341630771682627E+00  5.49839210046384252E+00
  4.41142703402056136E-01  6.43178214992147268E+00  1.96464126452828447E+00  5.52842704516757433E+00
  2.99785386141821708E-01  3.73561225239456185E+00  7.49215355758053758E-01  9.17120929618729375E-01
  3.71781505092813103E-01  4.86770450316716552E+00  5.08640073852513730E+00  1.01599151152302603E+00
  5.15720700463495496E-01  3.91645990476137040E+00  4.43174583027414215E+00  2.35095161919749573E+00
  5.39277054206551698E-01  5.08162188529265091E+00  1.28999211832458904E+00  7.51646062689253824E-01
  3.91639445074813297E-01  4.12498718864780134E+00  2.44360628254172513E-01  6.50007983614948381E-01
  5.02120514290034237E-01  4.48932411380912733E+00  2.67953290930609622E+00  4.24248251179046676E+00
  5.34458872568623455E-01  4.15896670247290334E+00  7.62983965337446723E-01  4.80333992102151086E+00
  4.45471777578522854E-01  6.71558998760053982E-01  5.55032330587770240E+00  2.20653258567475108E+00
  5.29698296771959232E-01  6.20479867951624886E+00  1.47331065185314292E+00  3.64289125363788013E+00
  5.64404144318620404E-01  1.28105116558238619E+00  5.60877153188217625E-01  5.20405164778184837E+00
  3.76902076901479588E-01  4.40160994994695520E-01  2.89025908109740515E+00  7.34195922362965825E-01
  4.62733810730875383E-01  4.69799740195983162E+00  8.47368474485047707E-01  3.96523745640514891E+00
  5.02120514290034237E-01  6.67464829394429326E+00  3.89941918597403170E+00  3.14836705256159233E+00
  4.75713279310277237E-01  1.86244315647538206E+00  1.68480828879358757E+00  4.69220121150437741E+00
  4.62733810730875383E-01  1.82960694252016154E+00  2.42220157056457053E+00  1.83977389820221249E+00
  5.24991069551568490E-01  2.11825473334516801E+00  2.53320199430534787E+00  3.94499924039081673E+00
  3.08607932839089050E-01  3.25280200526646990E+00  3.69044318029427387E+00  3.45318590292222005E+00
  5.80490670513443274E-01  4.58154475564473707E+00  2.52861671158914270E+00  1.69600437386928848E+00
  3.55575626152149271E-01  2.44295316500527981E+00  6.43429303683805376E+00  2.10689475695528472E+00
  5.39277054206551698E-01  2.79362034631885692E+00  2.69411936869898661E+00  1.86646572276507139E+00
  4.97655099191040562E-01  3.85764614304760389E+00  4.49777064151524097E+00  4.95290727821514754E+00
  4.45471777578522854E-01  6.28471268962059337E+00  1.85801505797555744E+00  6.39621203521349280E+00
  4.84429066430730915E-01  2.66339645743934605E+00  6.14934416596125200E+00  5.95140232194012508E+00
  3.49822487141294602E-01  3.55162293752528502E+00  2.49398792522169499E+00  3.21134869172874371E+00
  3.24058750641704252E-01  1.06414854575621387E+00  1.83163250813850897E+00  4.64056583619233809E+00
  3.55575626152149271E-01  5.55850915356134134E+00  2.02219998589849537E+00  3.89668942159941922E+00
  3.30997587999695309E-01  7.80009249421053985E-01  5.14870441379147947E-01  2.57582988231522858E+00
  5.91749286368603356E-01  3.49073829085781606E-01  8.50202323504538393E-01  3.38393838646309408E+00
  3.61137627255947724E-01  6.06337210550445072E+00  3.44456336298112520E+00  1.14334234347442343E+00
  4.28056431560671025E-01  1.97308703238878347E+00  1.24110238108083104E+00  6.66784773438907186E-01
  2.14322779410510394E-01  6.20529956281252115E+00  2.23122753293160248E+00  3.80610525817933887E+00
  4.62733810730875383E-01  2.75995158130163620E+00  4.24610417292663112E+00  6.57352344190860816E+00
  3.16615288597822842E-01  5.78869353308911450E+00  3.21772002957571468E+00  5.47443894207505544E+00
  2.64730453937343402E-01  5.30130869992744835E-01  4.70715582837561777E-02  3.68539583537919180E+00
  4.19212477446155474E-01  3.56689131521991776E+00  1.21687704261606910E-01  1.22540480398771723E+00
  5.29698296771959232E-01  3.02189874717043949E+00  2.38265779683474488E+00  6.42887580779902912E+00
  4.71376829571238165E-01  2.55164291002021315E-02  3.85162996622282527E+00  2.03740063603552635E+00
  5.86062212635089952E-01  1.32315886528350557E+00  2.22663048419599807E+00  6.29050244218067078E+00
  4.23649157779161234E-01  4.09814728611479850E+00  4.91778762574944839E+00  9.94891178424040790E-02
  5.49108239936929698E-01  2.98461461841912312E+00  5.04863865698846137E+00  2.67672019885093215E+00
  2.78555296554233556E-01  5.35816009167905172E-01  1.93157417631235617E+00  1.68661188363298464E+00
  4.54107542322554236E-01  2.00210371968818368E+00  4.96352875820402550E-01  3.71705133230981977E+00
  5.91749286368603356E-01  7.00032189743835520E-01  5.90013985409760799E+00  3.26235458502333087E+00
  5.24991069551568490E-01  4.23749551497309973E+00  6.32541756295814928E+00  5.96421574333000137E+00
  3.66532661804007787E-01  7.41736403034353176E-01  6.16151776892272363E+00  8.39792035785185242E-01
  5.44158343748334383E-01  1.42098886530222202E+00  5.12152042750501479E+00  3.66659264632574544E+00
  3.76902076901479588E-01  4.04628322736418866E+00  6.18739914589646833E+00  2.06272469762952548E+00
  4.67051022334941945E-01  4.99397904962454220E+00  6.65675791746226153E-01  6.40080916081128226E+00
  3.55575626152149271E-01  4.33147169544594490E+00  6.35437109286490376E+00  2.71649615095740193E+00
  3.71781505092813103E-01  1.34050873595683862E+00  1.80674028142681187E+00  2.52557276840019451E+00
  4.84429066430730915E-01  4.09326369049034611E+00  3.91780040507065053E-01  6.53830743926844882E+00
  5.91749286368603356E-01  4.55650916862267241E+00  1.90203805960853334E+00  5.35583977799486188E+00
  2.89926324498661514E-01  1.46787114792742202E-01  5.43565536624240941E+00  2.70880700900505067E+00
  5.91749286368603356E-01  4.76692407295072318E+00  6.40829640759719865E+00  1.92150164576290000E-01
  4.71376829571238165E-01  3.78891989302949783E+00  4.55760438803301060E+00  3.94613915554103434E+00
  4.45471777578522854E-01  7.01115102689314429E-01  8.18139296158208906E-01  4.24192219830924866E-01
  5.20333150277951795E-01  5.24284218940019997E+00  5.29324454464666783E+00  3.91579263659796561E+00
  5.06617780002852514E-01  1.57598979400756889E+00  5.58346559121210984E+00  6.19879183651604304E+00
  5.49108239936929698E-01  5.76545473439850653E+00  3.98537808835903595E+00  4.95211147340312596E+00
  3.49822487141294602E-01  3.32153640303224140E+00  3.53778078354086967E+00  5.25913139030588983E+00
  4.45471777578522854E-01  2.28977261102375929E+00  4.12646200251394379E+00  5.89867701995473892E-01
  4.71376829571238165E-01  2.62206345096611848E+00  5.66994036422463044E+00  5.12562787591031466E+00
  3.49822487141294602E-01  1.30776533719262966E+00  2.86885652077310827E+00  1.40221861845498474E+00
  5.80490670513443274E-01  2.50121244926445696E+00  5.05906602316181520E+00  5.97321514305270007E+00
  3.86818426119931114E-01  2.32423078934703886E+00  4.59355419524251118E+00  3.40372338551234632E+00
  4.01058911976384491E-01  4.24561916940977735E+00  5.59091980123059606E-01  1.38996317724810825E+00
  4.23649157779161234E-01  4.13689797123919689E+00  5.15377197050267721E+00  1.69568612220189374E+00
  3.61137627255947724E-01  3.75692660707593928E+00  4.77293802078979112E+00  3.14269586020831104E+00
  3.61137627255947724E-01  4.94191656088830822E+00  5.29654084978138773E+00  3.17471808000713840E-01
  3.24058750641704252E-01  2.45814730871328591E+00  5.20565542216415489E-01  4.35380848867848957E+00
  4.41142703402056136E-01  3.63948973013188937E+00  2.05829900621718931E+00  1.50942169293745865E+00
  3.61137627255947724E-01  5.17829744508939260E+00  3.85708440564607713E+00  2.21724977515055510E+00
  2.89926324498661514E-01  5.34269389092020219E+00  3.08151211178080109E+00  3.22836078759987277E+00
  3.81909890374632355E-01  5.64839382522315159E+00  9.39897021860234494E-01  1.15555744221946810E-01
  4.01058911976384491E-01  2.06450765693408789E+00  3.20124277820581726E+00  3.30591327857972228E+00
  3.37575933792008509E-01  3.55642598675164123E-01  8.73331307395111445E-01  4.37440878563932678E+00
  2.78555296554233556E-01  3.70283903037413076E+00  7.58635632529418236E-01  3.32084874487764359E-01
  5.39277054206551698E-01  2.60787208294583850E-01  5.16723806498093463E+00  4.97764766749827725E+00
  5.54129086970597151E-01  2.74464102810398236E+00  6.67279059981957356E+00  4.92877147852694808E+00
  2.46370760027530694E-01  3.12942401942959281E+00  5.99728390923965371E+00  4.73775366895405803E+00
  4.71376829571238165E-01  1.10956387349807239E+00  1.58858590525341969E+00  3.30645094111447380E+00
  5.34458872568623455E-01  3.66952712319862817E+00  2.09665146354551002E+00  3.99244719130712733E+00
  3.91639445074813297E-01  1.39406225776780124E+00  1.97690330004108183E+00  4.02257167148596118E+00
  4.23649157779161234E-01  3.18595637307488255E+00  3.62748471059799904E-01  6.53192214736290655E+00
  4.67051022334941945E-01  1.69990118468499030E+00  3.51044703006338299E+00  4.12408179558101740E+00
  5.80490670513443274E-01  3.55324238551832794E+00  3.93018201203673456E+00  4.21324584338114261E-01
  3.86818426119931114E-01  2.08171133873039782E+00  6.04959062501004485E+00  4.52099615050541193E+00
  5.39277054206551698E-01  6.59125539235482982E+00  3.72680204150771255E+00  5.61185451807890168E+00
  5.59225941233592594E-01  6.38991980981168384E-02  4.01235166789507147E+00  6.64853094087605889E+00
  4.05674446517406473E-01  6.16134581315446095E+00  4.46439521576517340E+00  6.01747060492642127E+00
  5.64404144318620404E-01  2.49989218900615739E+00  3.21476835461705646E+00  4.70383194374518343E+00
  3.86818426119931114E-01  2.23414525858233759E+00  1.89328995778383602E+00  6.36372663794121252E+00
  3.08607932839089050E-01  9.63878340836649694E-01  3.45539363147638223E+00  7.64742462063562556E-01
  5.44158343748334383E-01  3.89311821759444676E-01  1.72734047033679894E+00  4.10450984917795214E+00
  5.59225941233592594E-01  1.43777009838579573E+00  5.06608410584693836E+00  1.70501203299576876E+00
  5.69669339224686877E-01  5.32855275604550016E+00  5.95146143930499871E+00  1.10009979009588621E+00
  5.24991069551568490E-01  2.37089662388359024E+00  3.94678201874733192E+00  2.76269898476044107E+00
  5.24991069551568490E-01  6.54520025975825703E+00  8.10126117161306225E-01  7.09874889692411748E-02
  3.91639445074813297E-01  3.38319507613041814E+00  4.85400082606169736E+00  1.61605773794418695E+00
  5.75027356379647192E-01  3.46569246669562148E+00  6.35030512371642608E+00  3.60582126663650582E-01
  5.80490670513443274E-01  4.82719512294000541E+00  4.32269124504392011E+00  4.48740328385345999E-01
  3.96383251075161813E-01  4.96963073517318854E+00  2.34657650551244235E+00  3.55996619671283288E+00
  4.23649157779161234E-01  2.85832428296849583E+00  6.31292758201620519E+00  3.30692410451159446E+00
  3.66532661804007787E-01  5.00274564571804969E+00  5.46174442040109653E+00  3.04652221338480045E+00
  4.19212477446155474E-01  2.59283388559418126E+00  1.21713936025909097E+00  4.91361864118082448E+00
  3.08607932839089050E-01  2.36405017819437546E+00  2.57684109565648978E+00  3.14976371474761674E+00
  5.34458872568623455E-01  1.47183254642742090E+00  2.50509434476640802E+00  3.10643457495086484E+00
  3.49822487141294602E-01  5.20732045352033790E+00  5.44648263417466172E+00  5.03106861415454354E+00
  4.62733810730875383E-01  5.40789059521499205E+00  3.35649090608057898E+00  5.65485074822943967E-01
  4.88813983084759374E-01  1.63205384609546500E+00  6.12889583834031004E+00  3.75926413599910614E+00
  3.08607932839089050E-01  2.77006148899014137E+00  3.51397404530981472E+00  2.08099620154310427E+00
  4.14741582532007880E-01  6.17087128259937501E+00  3.33565481363107041E+00  6.37370156040492741E+00
  4.19212477446155474E-01  2.28475988848044453E+00  4.17273720407761939E+00  4.64944961398227985E+00
  5.20333150277951795E-01  5.39855481753489963E-01  1.34439541993400824E+00  5.08850175012393802E+00
  3.76902076901479588E-01  8.57337291921081102E-01  6.48906471210926750E+00  5.03457092365420955E+00
  4.75713279310277237E-01  3.34990756066357864E+00  5.19128668730679710E+00  4.49658980002936293E+00
  4.67051022334941945E-01  6.46619737935514038E+00  2.64736850681701119E+00  9.21043635784322134E-02
  5.80490670513443274E-01  5.21857658622859488E-01  1.35682317615195647E+00  2.34099296328600337E+00
  4.75713279310277237E-01  5.21891126566443386E+00  1.01547379473388322E+00  1.71913160127834508E+00
  5.86062212635089952E-01  1.03880964752842009E+00  8.74069719579771642E-01  1.41379065960149353E+00
  4.80063103612331954E-01  4.66139356939290705E-01  4.67490238914068623E+00  5.89466392168463416E-01
  3.86818426119931114E-01  1.71868395882171243E+00  4.03627000876977338E+00  6.09303449211443393E+00
  3.55575626152149271E-01  5.56998054793998776E+00  5.81759738928711112E+00  4.53797979943310281E+00
  3.76902076901479588E-01  3.33415309512110891E+00  5.23805493527125954E+00  5.34759919192440591E+00
  4.88813983084759374E-01  5.29774182544423411E+00  3.40242674884943819E+00  1.50932325316247495E+00
  3.24058750641704252E-01  6.11353294362636035E+00  2.09813941227347556E+00  5.39170747485885338E-01
  4.10231171689561747E-01  7.42488111875551748E-01  3.27155467499090280E+00  7.18216173543453351E-02
  4.71376829571238165E-01  5.26293354453994677E+00  2.24036251298526468E+00  4.63741618121855215E+00
  2.14322779410510394E-01  5.19856718038693888E+00  2.01491248728021466E+00  5.13223980293096016E-01
  2.46370760027530694E-01  7.49325312758636453E-01  1.76506659112839692E-01  7.90545917930965514E-01
  5.91749286368603356E-01  4.21609429462203242E-02  4.16901162535108050E+00  4.49313008923888724E+00
  5.49108239936929698E-01  2.64420097396623932E+00  6.57914957963510894E+00  1.23606973748556248E+00
  3.81909890374632355E-01  6.33877815293816749E+00  4.40476703224283739E+00  6.13650277243322440E-01
  5.39277054206551698E-01  8.52353077278185101E-01  6.53087120065452531E+00  5.94972206721960273E+00
  5.20333150277951795E-01  3.74919771380425848E+00  1.54154115697803484E+00  7.05881333621773632E-01
  4.58420388086688613E-01  2.14143805701192580E+00  2.59654718622169911E+00  7.19486268212893992E-02
  4.75713279310277237E-01  1.43003209978415313E-01  2.04108206493198008E+00  7.02773660778411191E-01
  3.08607932839089050E-01  2.52493757641921945E-01  3.60172181564165461E+00  3.82678389645674777E+00
  3.81909890374632355E-01  5.79384558423891249E+00  4.21865456012641360E+00  2.94190303822891686E+00
  4.19212477446155474E-01  3.11490473955048053E+00  4.40177617207327110E+00  3.38524209787781505E+00
  3.91639445074813297E-01  3.23142832566599481E+00  7.25864034128592350E-01  4.82197347584092384E+00
  2.89926324498661514E-01  2.20964605958435062E-01  4.60875601563961190E+00  3.35562805147216014E+00
  5.75027356379647192E-01  6.51961719136927087E+00  6.58991433239759861E+00  3.39294394840754299E+00
  3.76902076901479588E-01  4.48722241721209869E+00  4.42711237514346312E+00  5.55576775557593372E+00
  4.62733810730875383E-01  5.65904527641579058E+00  4.15691590912247122E+00  1.05606186283407699E+00
  4.80063103612331954E-01  3.69187673837161912E+00  3.99717794845680219E+00  1.48378605616721537E+00
  5.34458872568623455E-01  5.88927108670928234E+00  6.71398641846917998E-01  3.01856220959967514E+00
  2.14322779410510394E-01  5.78563870235774313E+00  3.09201715661760534E+00  6.45758168245014891E-02
  5.34458872568623455E-01  1.64225495181494718E+00  3.55678974426406347E+00  1.24733592567690899E-01
  2.64730453937343402E-01  3.23482659613970736E+00  1.07890138447775374E+00  2.50683811287313274E+00
  5.11150069422808828E-01  3.39122211725254197E-01  2.34747817190032348E+00  4.95685755179930787E+00
  4.10231171689561747E-01  5.64904529180106696E+00  1.71540231874700999E+00  5.30205674327593890E+00
  4.23649157779161234E-01  2.05783226164888422E+00  5.67811472250434779E+00  2.37504711131189872E-01
  3.76902076901479588E-01  5.55256104832588449E+00  1.29921538892507082E+00  2.45061235668475064E+00
  4.10231171689561747E-01  4.46959070981625517E-01  2.99608094598368879E+00  4.16269766031856037E+00
  4.80063103612331954E-01  4.75691253729573837E+00  6.00400957200923457E+00  4.48498139509417815E+00
  4.41142703402056136E-01  1.99465224594676815E+00  1.66545507158078587E+00  3.53715385527940063E+00
  5.24991069551568490E-01  6.21154499131807025E+00  1.94090531217603357E+00  4.58810042344670155E+00
  2.99785386141821708E-01  7.76842969704776620E-01  3.91607786958280313E+00  3.73939760064166071E-01
  5.91749286368603356E-01  6.73149984383637090E+00  4.54860034879258468E-01  1.11311166697252251E+00
  3.49822487141294602E-01  2.67908359397585327E+00  2.31828764346542870E-01  5.92866408759740171E+00
  3.43844632468353784E-01  4.37105407003803759E+00  1.81154485056355319E+00  3.49707868431999724E+00
  5.64404144318620404E-01  1.69229308619357810E-01  3.75570661615656354E+00  9.85805750086830690E-01
  2.99785386141821708E-01  1.24115490667900152E+00  8.48135456460001769E-01  2.28435490545094311E+00
  4.23649157779161234E-01  2.11595517778661568E+00  4.76059534114657179E+00  2.34729533591926076E+00
  3.16615288597822842E-01  1.03546821790566512E+00  4.20881445470239957E+00  6.64247924864375516E+00
  4.93220738472549158E-01  5.77045752607884932E+00  4.04929605285797223E+00  1.56984964582867967E-02
  5.44158343748334383E-01  3.14422426916788234E-01  6.63502184801844841E+00  1.89887692781722184E-01
  2.99785386141821708E-01  1.28684218109812565E+00  2.96639071551801958E+00  3.77614959569839392E+00
  3.86818426119931114E-01  6.24313645711703025E+00  3.40437872295687383E+00  4.17920035863569017E-01
  5.02120514290034237E-01  4.23487797401736010E+00  5.60325821724029094E+00  7.06508559966978811E-01
  4.67051022334941945E-01  4.33688257662985954E+00  6.43558350941096879E+00  1.26573278136834877E+00
  4.45471777578522854E-01  3.75011967164573745E+00  2.93913730398599959E+00  2.44095690139635335E-01
  4.14741582532007880E-01  5.68372263705355252E+00  3.80850993528869530E+00  5.89594295353543707E+00
  3.37575933792008509E-01  2.89871672608493869E+00  3.95492226675499658E-01  1.86924092826166666E+00
  3.43844632468353784E-01  5.70619338946099508E-01  3.37213908792394568E+00  2.46665212788817989E+00
  4.62733810730875383E-01  6.89767828231495295E-01  4.15497517513841252E+00  2.61993229497065583E+00
  3.71781505092813103E-01  8.53059347354317099E-01  2.45372664363522475E+00  3.77232913259337099E+00
  4.58420388086688613E-01  6.24357640909173117E-01  5.67472217732238082E+00  6.40953167947856262E+00
  4.71376829571238165E-01  1.74491371106521220E+00  6.00127402217805361E+00  2.01026393268016035E+00
  3.43844632468353784E-01  3.91550517694107070E+00  1.72218911862193758E+00  2.16283996276655399E+00
  3.81909890374632355E-01  5.66288928968862226E+00  1.70164035648712808E+00  1.67750961859965575E-01
  5.59225941233592594E-01  4.92771464336542131E+00  4.62339500386567881E+00  2.66072312945603162E+00
  4.10231171689561747E-01  1.88286971033735762E-01  1.40559328934244276E+00  1.40920888318299409E+00
  2.89926324498661514E-01  1.02829695147613087E+00  4.78921518292553383E+00  2.39540093747966676E+00
  3.81909890374632355E-01  5.80849583761956362E-02  2.31932640661295514E-01  4.21745445486868586E+00
  5.24991069551568490E-01  1.99806757045481787E+00  3.42047321751429712E+00  1.78093836787993864E+00
  3.24058750641704252E-01  6.45255077889386047E-02  5.23383381150421201E+00  3.28278305033071982E+00
  3.96383251075161813E-01  2.78362766078325752E+00  1.65402276885484234E+00  1.97124799590305461E-01
  3.86818426119931114E-01  4.31461462849692445E-01  4.75541055464177642E+00  2.07739415778187952E+00
  3.96383251075161813E-01  5.65332176247213791E+00  6.05640345127612978E+00  6.01377777080352249E+00
  5.49108239936929698E-01  2.45599477822037349E+00  9.84177732045968368E-01  6.36710746287437424E+00
  4.80063103612331954E-01  3.73129126639074160E+00  6.54244717413382126E+00  3.26628661806080878E+00
  4.01058911976384491E-01  5.16505847360360182E+00  3.74625743223601182E+00  2.97109590304142435E+00
  5.02120514290034237E-01  6.49528457258993086E+00  4.59907305591359439E+00  1.48082631339771553E+00
  3.71781505092813103E-01  6.65725465065981403E+00  5.34725357848474125E+00  5.79714109566562374E+00
  4.58420388086688613E-01  2.98049463180223162E+00  2.75344542184149521E+00  5.47955417760453400E+00
  5.11150069422808828E-01  1.31425379840907786E+00  6.30613935413765603E+00  1.14606264635828251E-01
  4.36799992478945909E-01  4.24057670460890090E+00  5.28252123100202464E+00  4.25439100922289093E+00
  5.29698296771959232E-01  1.41913972904051433E+00  1.15711241995108383E+00  6.60910590815201893E+00
  2.14322779410510394E-01  1.05391986159197137E+00  3.99584788636273947E-01  2.06177153804314406E+00
  5.39277054206551698E-01  1.74922981198721250E+00  4.69393028780549049E+00  6.74423506982354404E+00
  3.71781505092813103E-01  6.40806509311809780E+00  4.55860831202120220E+00  5.28611981805874542E+00
  4.36799992478945909E-01  1.30792256398022388E-01  3.02729957740583933E+00  1.67125917530223744E+00
  3.43844632468353784E-01  5.66215796546593086E+00  4.22533453304747475E+00  1.86033987594782069E+00
  5.64404144318620404E-01  3.46688400509128147E+00  5.56859538729412051E+00  3.53480203419040606E+00
  5.75027356379647192E-01  5.13027550328373572E+00  2.40198228082342119E-01  4.68709791115890884E+00
  5.69669339224686877E-01  1.78559582275440110E+00  6.31397134101260527E+00  5.39146943732628170E+00
  4.88813983084759374E-01  2.67056167692632407E+00  3.37298191901253253E+00  1.89785252360953727E-01
  2.89926324498661514E-01  6.14451332859322186E+00  3.89199747085306225E+00  1.61472260750908148E+00
  5.75027356379647192E-01  8.58366240099336486E-01  2.54618148917709641E+00  2.18336110435991770E+00
  3.71781505092813103E-01  3.01475322645766797E+00  2.42934238706238226E+00  2.73358807009542071E+00
  3.71781505092813103E-01  3.07753727395003684E+00  6.16320342544038713E+00  4.14433856156944458E+00
  4.97655099191040562E-01  3.25944453028132530E+00  3.90270099987343722E+00  4.42538512602045042E+00
  4.88813983084759374E-01  6.14625492133452145E+00  1.26579117223352333E+00  1.80836880247999798E+00
  4.41142703402056136E-01  5.46989328174710909E-01  3.26295025124950211E+00  5.11592927574926382E+00
  4.14741582532007880E-01  6.03508613687871254E+00  2.59425791151469820E+00  6.02801149526644586E+00
  5.06617780002852514E-01  5.56596452917827200E+00  2.88703360373168261E+00  3.96941033857916992E+00
  2.46370760027530694E-01  6.71348109377132030E+00  6.32209118854272489E+00  8.34661956061924615E-01
  2.78555296554233556E-01  1.52608276701592405E+00  5.80513442499377952E+00  1.31980928164527533E+00
  4.32438693220842718E-01  4.03576047044244923E+00  3.75872669455324049E+00  5.48845980025315505E+00
  2.64730453937343402E-01  1.08069612204122117E-01  3.22879273870897920E+00  2.99816773970269956E-01
  3.16615288597822842E-01  6.70119508820664933E+00  2.46600121175739062E+00  4.14924751140519632E+00
  3.86818426119931114E-01  5.03976645752741703E+00  7.69917291884681942E-01  2.65147150334171711E+00
  3.43844632468353784E-01  1.57029744055081499E+00  3.36615580681182536E+00  9.90737115103986654E-01
  4.19212477446155474E-01  4.06539065538245481E+00  2.15298098737703336E+00  6.62353805952012598E-02
  2.14322779410510394E-01  5.62801904494117089E+00  1.70955810700026301E+00  1.25243438465749879E+00
  5.15720700463495496E-01  1.22893180336476959E+00  4.72230399357200703E+00  5.77036609029074565E+00
  4.32438693220842718E-01  2.75199036849885825E+00  4.77109207449288242E+00  5.03513757619264002E+00
  4.62733810730875383E-01  2.82008562887677883E+00  2.03470975158996703E+00  3.46096256238350763E+00
  4.49792344455842874E-01  5.33989489050972033E+00  2.08077834674751205E+00  6.01831704515709376E+00
  4.23649157779161234E-01  5.59535667382008928E+00  2.48601489282765220E+00  6.74883697393201132E+00
  5.59225941233592594E-01  1.21785885776403457E+00  5.38884030268869196E+00  6.57250828964444200E-01
  4.19212477446155474E-01  1.86812157428545778E+00  1.14687043303104155E-01  4.55265041340651155E+00
  4.97655099191040562E-01  6.48831745745961719E+00  3.02580798660740902E+00  3.59758727539237411E+00
  3.43844632468353784E-01  5.84873660716255728E+00  6.19045769086610242E-01  1.37575227976680714E+00
  5.29698296771959232E-01  4.51946352498478199E-01  1.60416820536976235E+00  6.60289287643124023E+00
  4.67051022334941945E-01  3.25359862025307256E-01  6.19675975167481052E+00  4.41291662774502846E+00
  5.39277054206551698E-01  8.69317897222021574E-01  3.68588919419144645E+00  5.97763868754184724E+00
  5.69669339224686877E-01  3.39045922881905160E+00  3.39961324073856064E+00  6.16548504127685160E+00
  4.36799992478945909E-01  2.73329194186481716E+00  5.71176335457295536E+00  7.76182813427482299E-01
  5.06617780002852514E-01  2.75960157837559583E+00  1.74308305309104106E+00  5.65701419029273200E+00
  4.58420388086688613E-01  2.57646210938890619E+00  1.04372575522540312E+00  2.20037523305710270E+00
  4.88813983084759374E-01  5.42878401327604543E+00  1.31083377479159902E+00  4.43198974734702222E+00
  3.30997587999695309E-01  3.53197267902030987E+00  3.12238767054046029E+00  2.95041310419872405E+00
  5.69669339224686877E-01  2.00141320717007254E+00  2.45613302706107595E+00  5.38366620929890782E+00
  3.30997587999695309E-01  6.15330429484400110E+00  4.26895122557830842E+00  2.32167887756480562E+00
  5.64404144318620404E-01  6.18269522518895354E+00  4.70127944831070366E+00  3.66841999472345037E+00
  4.75713279310277237E-01  3.78915247757694740E+00  2.49754399737241517E+00  2.39607066097462917E+00
  4.84429066430730915E-01  6.10144129016206271E+00  1.30730427414404105E+00  8.37153627889377194E-01
  4.93220738472549158E-01  3.85607138180614628E+00  3.22439389684095268E+00  3.70131127764670431E+00
  4.54107542322554236E-01  4.00202312914562164E+00  2.86767983175580277E+00  5.54009675761184361E+00
  4.14741582532007880E-01  3.32227173320010116E-01  4.70514158101547242E+00  6.01802554510349808E+00
  3.61137627255947724E-01  6.26871992843506209E+00  2.02113726303795005E+00  1.25831911430230581E+00
  4.80063103612331954E-01  4.02606755308564601E+00  4.22813755041719119E+00  6.27125334378560417E+00
  2.64730453937343402E-01  5.11551087889496969E+00  1.83500458236015751E+00  1.40496673580964759E+00
  4.28056431560671025E-01  4.91828765444584093E+00  4.07245829539469195E+00  6.20305695449473227E+00
  4.54107542322554236E-01  3.11697947476440529E+00  1.30959718549568471E+00  4.22107427469117624E+00
  5.44158343748334383E-01  2.12353404612313473E-01  6.19705618262071845E+00  1.57981976975256466E+00
  4.05674446517406473E-01  1.20839727291147869E+00  1.83092497066486404E+00  1.61096362226896339E+00
  4.36799992478945909E-01  2.63156690446762864E+00  5.03706366800332983E+00  2.30655648170115746E-01
  2.78555296554233556E-01  6.49362382753799494E+00  1.38947099016909048E+00  5.09984055243469836E+00
  4.36799992478945909E-01  4.45946321965790293E+00  4.95086523092477648E+00  3.47645722861413553E+00
  3.66532661804007787E-01  5.88031775534250745E+00  5.01600093759123067E-01  6.75830062370653351E-01
  3.37575933792008509E-01  1.79783467207517500E+00  1.84896654657878656E+00  2.35660765810333350E-01
  4.49792344455842874E-01  3.54650803976202855E+00  1.27889311150261364E+00  5.37503710766985066E+00
  4.97655099191040562E-01  6.52554599368363242E+00  6.08271619759542048E+00  6.24204678142571900E+00
  4.88813983084759374E-01  5.83231663403985401E+00  6.49680229954016042E+00  2.58639066587636002E+00
  4.58420388086688613E-01  4.90318290747575514E+00  3.63019180045369705E+00  5.33295144593871839E+00
  3.24058750641704252E-01  2.13737710671079295E+00  5.14122949408382013E+00  2.99064082679965049E+00
  4.41142703402056136E-01  2.41149517511118860E+00  3.06353411487901539E+00  6.10330720850367392E+00
  4.58420388086688613E-01  4.00093539988071356E+00  4.70408902064352574E+00  9.49658514293757250E-01
  4.54107542322554236E-01  5.65567071737027049E+00  4.93502561810986684E+00  5.71331104125475275E-01
  4.88813983084759374E-01  4.39396070465958910E-01  5.02983904313763386E+00  3.97462802608608623E+00
  5.44158343748334383E-01  3.21500084765958105E+00  3.03786851267465852E-01  3.98701035717744512E+00
  3.16615288597822842E-01  9.82521794914970825E-01  5.81240490167298329E+00  1.56191237140767480E+00
  3.66532661804007787E-01  5.98196191311265313E+00  6.53220250670666136E+00  7.65126538116174260E-01
  4.49792344455842874E-01  2.29688993772197669E+00  5.86116252975131502E+00  2.75604063678840294E+00
  5.06617780002852514E-01  8.83798408264140467E-01  6.46890926404821176E+00  2.34084538909565376E+00
  5.02120514290034237E-01  4.47042709888121870E+00  5.92941191594231753E+00  3.54881656575666016E+00
  3.61137627255947724E-01  4.66422256671409041E+00  2.89276959015453183E+00  5.06449830990912986E+00
  3.66532661804007787E-01  5.23293777409847483E+00  3.62266738623857210E+00  4.30179255384897541E+00
  4.23649157779161234E-01  2.76674029718261316E+00  4.61900501424171317E+00  4.12113517831634368E+00
  3.16615288597822842E-01  6.47245206740461310E+00  1.10289490319615213E+00  4.39702417040049021E+00
  3.37575933792008509E-01  4.72392058887006794E+00  2.07440792538175778E+00  9.11123067504080120E-01
  4.45471777578522854E-01  5.12722145521124961E+00  1.03697990530915995E+00  5.32420146424535812E+00
  5.44158343748334383E-01  3.10247693704125904E+00  2.38583003617814171E+00  7.48288027141031487E-01
  2.46370760027530694E-01  3.76437911191394781E+00  1.11575410719978318E+00  2.37465451566793506E+00
  2.64730453937343402E-01  4.92283361375302864E+00  1.43695040598812174E+00  6.11003007434658674E+00
  5.69669339224686877E-01  1.24788784669002473E+00  1.02120406671577557E+00  4.16819583149075967E+00
  5.06617780002852514E-01  4.22951238130623075E+00  4.03967178258313719E+00  3.24273075235286390E+00
  3.08607932839089050E-01  3.49657001161124414E+00  5.37432850036215104E+00  2.07059094584001047E+00
  3.61137627255947724E-01  3.87974709825694664E+00  1.60890053084963047E+00  4.71343858400601690E+00
  4.54107542322554236E-01  5.97907654366192620E+00  3.75423745460419767E+00  3.98451365678604086E+00
  4.93220738472549158E-01  1.24062129529088505E+00  6.56509251992527698E+00  1.41188632007008663E+00
  3.96383251075161813E-01  3.31920615818043752E+00  3.89330997755792430E+00  2.78141599840787324E+00
  4.88813983084759374E-01  2.52651355167951941E+00  3.81805392015242528E+00  3.75613856323592721E+00
  5.15720700463495496E-01  5.23769427907823815E+00  3.00891141658579242E+00  2.43124293649172207E+00
  4.93220738472549158E-01  3.66854853193124653E+00  2.17096247897650474E-01  2.12706099804230719E+00
  2.99785386141821708E-01  1.00137318854613189E+00  1.49144159031687562E+00  5.91437747713990891E+00
  2.14322779410510394E-01  4.19505435337183474E+00  3.30872590419337531E-01  2.71186422573939456E+00
  4.05674446517406473E-01  4.48067155666548000E+00  4.97238590993996432E+00  6.11712156673033647E+00
  2.78555296554233556E-01  2.82227118641547126E+00  5.02680980482702378E+00  3.48807582569898944E+00
  3.66532661804007787E-01  4.43550435555331113E+00  5.58232342520782421E+00  6.58828410126106245E+00
  3.66532661804007787E-01  4.23600248032505533E+00  2.50506446334364696E+00  3.42329804935380766E+00
  2.46370760027530694E-01  3.89642195149595771E+00  2.73430473780180217E+00  6.34086520925595654E+00
  5.20333150277951795E-01  6.11518665834415831E+00  5.61369893390692098E+00  3.00391062512789109E+00
  3.08607932839089050E-01  4.81514452853826658E+00  5.13875096493740546E+00  1.97139749246302065E+00
  5.11150069422808828E-01  4.23615001900376953E+00  6.75098954888510328E+00  4.09319551234463042E+00
  3.55575626152149271E-01  6.15188690200334176E-01  4.42000245411530468E+00  1.44038960471317368E+00
  2.14322779410510394E-01  3.36681436232987163E+00  1.91282476415731484E+00  1.73907456131076721E-01
  5.11150069422808828E-01  1.76400073322718698E+00  2.11806812563195002E-01  2.21074757621024398E+00
  5.11150069422808828E-01  2.08980897594051873E+00  5.15257103405396144E+00  4.48200603110081275E+00
  5.11150069422808828E-01  6.00481352981264838E+00  7.71127016523741715E-01  5.05176400549142190E+00
  3.30997587999695309E-01  4.36653542220440638E+00  1.63248463875891647E+00  6.21779904094289737E+00
  5.54129086970597151E-01  3.52424579234263691E+00  3.05039019816522095E-01  5.61647495232024507E+00
  4.84429066430730915E-01  5.21219513002025714E+00  3.23101095248647052E+00  6.39849109010058203E+00
  3.91639445074813297E-01  2.86116970792438607E+00  3.17615630981037977E+00  2.68744375305363770E+00
  5.80490670513443274E-01  5.83959689826435646E+00  2.34849105506301692E+00  3.06573372200943561E+00
  5.02120514290034237E-01  4.38629386138923660E+00  1.48055634183361118E+00  1.50302346074454141E+00
  5.86062212635089952E-01  6.47662534419550973E+00  5.10469009812658037E+00  6.70596809909471325E+00
  4.28056431560671025E-01  3.34721502020927053E+00  4.54524624098639762E+00  5.75805786262191432E+00
  4.58420388086688613E-01  3.00198110508174887E+00  4.24482278323045126E+00  2.06982801612510725E+00
  5.54129086970597151E-01  1.20487472906435222E+00  5.72616141208661578E+00  4.62987027592620226E+00
  4.14741582532007880E-01  2.13177491330521907E+00  2.87047608466200677E+00  2.53085964437780708E+00
  4.01058911976384491E-01  2.10186212505920267E+00  6.60655238950094592E+00  3.16002714081432501E+00
  3.96383251075161813E-01  4.64113700140314211E+00  5.79684162127961855E+00  1.76063439078249750E+00
  5.69669339224686877E-01  4.15777684110714407E+00  5.44859505906533226E+00  2.64369206921436062E+00
  3.96383251075161813E-01  1.85356408716371512E+00  4.34766752898908315E+00  3.97983999582446346E+00
  4.97655099191040562E-01  1.28120748765409442E+00  2.69740921478792606E+00  5.67930150775072695E-01
  5.91749286368603356E-01  4.27502309967436034E+00  5.45330244775484640E+00  5.26794525302179562E+00
  3.91639445074813297E-01  1.11472876512173746E+00  2.80315692683202666E+00  5.51550598605225861E+00
  4.84429066430730915E-01  1.70814649525537998E+00  3.11797402150921665E-01  6.12903944776485066E+00
  4.97655099191040562E-01  1.54630440837447658E+00  4.25473658756755302E-01  5.68140996037035162E-01
  4.28056431560671025E-01  3.14367271166175088E+00  1.85343801797999386E+00  2.19306630542578640E+00
  5.54129086970597151E-01  8.82575939772148876E-01  4.15511288221733555E+00  3.61815726087289047E+00
  4.36799992478945909E-01  1.74669239128734155E+00  1.31635402514832389E+00  2.00457799947715287E+00
  4.67051022334941945E-01  6.59398605356497747E+00  1.10791904945368969E+00  5.78285611412987066E+00
  3.81909890374632355E-01  3.41448207317554486E-01  5.66314247152247852E+00  4.50218972013880336E-01
  4.80063103612331954E-01  1.50412883353171073E-01  6.11337673847239760E+00  5.34010862637525197E+00
  3.16615288597822842E-01  2.32099392018738149E+00  2.03893637307914766E+00  5.79401495183210380E-01
  4.45471777578522854E-01  3.49865019763518781E+00  3.34215150803479188E+00  2.17117287172552098E+00
  4.32438693220842718E-01  1.63828486926815842E-02  6.12438658877250308E+00  2.53362694540432676E+00
  4.32438693220842718E-01  3.83912920184040996E+00  1.02872890194842848E+00  3.79051851867613543E+00
  3.30997587999695309E-01  1.69216799226255854E+00  2.10261111249264543E+00  1.12640117258757155E+00
  4.97655099191040562E-01  2.17046589032691895E+00  2.76934194029559366E+00  1.01173139461638595E+00
  5.11150069422808828E-01  5.95708507167443813E+00  5.50137539252019359E-01  4.05471766680451129E+00
  5.49108239936929698E-01  3.48708861462001440E+00  5.89159541132185449E+00  1.38658548082309951E+00
  4.75713279310277237E-01  5.45298645495960876E+00  2.55484350939049421E-01  5.68681664964038536E+00
  2.46370760027530694E-01  4.46378575468306416E+00  4.35222878916369016E+00  4.07840156133280995E+00
  3.30997587999695309E-01  4.64813637229866483E+00  2.34347336598514144E-01  5.56379203968511504E+00
  4.49792344455842874E-01  4.38919489199107460E+00  3.51170292878741597E+00  6.73982315510698360E+00
  3.24058750641704252E-01  5.02392054842808022E+00  5.81023232733321482E+00  6.28353737684044500E+00
  4.80063103612331954E-01  4.33032207350213483E+00  9.46854564298346024E-01  5.78613168063150507E+00
  5.64404144318620404E-01  6.37258606207072642E+00  3.09546714793801181E+00  4.67075574340528643E+00
  3.30997587999695309E-01  5.23511924229689019E+00  4.47414355994263491E-01  3.53918380217835704E+00
  4.10231171689561747E-01  7.45608911183024192E-01  4.92892470580839337E+00  3.02051627912173926E+00
  5.59225941233592594E-01  1.34991270485212578E+00  4.24308702472817068E+00  9.24895629021364907E-01
  3.86818426119931114E-01  2.29119556218107201E+00  1.17658460062733039E+00  4.13584174130755056E+00
  4.80063103612331954E-01  2.93295562939204935E+00  2.96803269125048530E+00  3.53079464927499398E+00
  4.32438693220842718E-01  3.57269347545966598E+00  2.14519222357415318E+00  5.21095195250843712E+00
  4.10231171689561747E-01  2.40782333114302682E+00  6.52914934023144156E+00  3.97430455893445789E+00
  4.71376829571238165E-01  1.05478835913624969E+00  6.75042141661321615E+00  4.20907868944622710E+00
  5.15720700463495496E-01  5.12904941239965773E+00  4.28365954547062966E+00  3.71301536738632398E+00
  5.29698296771959232E-01  9.63065606651604678E-01  3.61342667860660471E+00  1.72465399062299141E+00
  5.44158343748334383E-01  2.74761397539120589E+00  1.03849554477203121E+00  3.33420550606357846E+00
  5.24991069551568490E-01  1.78038219328722414E+00  1.41845418805796109E+00  5.65331345416605213E+00
  4.01058911976384491E-01  5.38629979730704367E-01  4.29590232501086788E+00  5.34327786674070992E+00
  3.71781505092813103E-01  1.91394688317697703E+00  4.56342756620037981E+00  5.22875680614258354E+00
  2.99785386141821708E-01  6.00797898199244562E-01  1.77280526913843550E-01  1.74168396197882780E+00
  5.54129086970597151E-01  3.40732409747537535E+00  1.09756567825997431E+00  1.62415905989743692E+00
  4.58420388086688613E-01  4.79480720778332792E+00  3.37090612886523466E+00  3.64981470928084351E+00
  5.20333150277951795E-01  6.52372608780205532E+00  3.06170522040900428E+00  2.58091744844803861E+00
  4.10231171689561747E-01  8.87253168885539512E-01  3.63473945353270311E+00  4.42989654080346895E+00
  4.28056431560671025E-01  4.62737160877392739E+00  1.00128496501182690E-01  3.24533214831864703E+00
  4.01058911976384491E-01  5.04790257090052386E+00  6.21685634522044328E+00  2.91687714049110625E+00
  4.41142703402056136E-01  4.27294299784410470E+00  6.56761762974715424E+00  5.02982432408589109E+00
  3.24058750641704252E-01  5.52770510012444394E+00  5.02934907560287314E+00  3.16595675880983229E+00
  5.34458872568623455E-01  1.21637868318420761E+00  1.49187603263127549E-01  3.22784659997292644E+00
  4.28056431560671025E-01  6.43422138787603792E+00  2.76807499053709627E+00  9.78402755331629570E-01
  2.89926324498661514E-01  4.73608841561272698E+00  5.51862446196556222E-01  3.65089903898295931E-01
  5.15720700463495496E-01  5.38168103648090579E+00  5.65546466242686652E+00  2.27369851770570053E+00
  4.93220738472549158E-01  5.62848256300384175E+00  5.75583416418018246E+00  9.93589146112516808E-02
  4.54107542322554236E-01  4.59215027117566521E+00  2.56750047346788035E+00  6.16165677652955068E+00
  2.89926324498661514E-01  9.93814053318928248E-01  4.39371920244397174E+00  1.97288175583680303E+00
  4.97655099191040562E-01  4.76252281040711978E+00  2.68201799297978694E+00  3.39386418386683653E-01
  4.05674446517406473E-01  4.41334656518378576E+00  1.16267828772667881E+00  9.59893715495330757E-02
  3.24058750641704252E-01  5.18129914949092374E+00  4.32959607634758381E+00  5.54696459890730775E+00
  4.14741582532007880E-01  1.78312383007108344E+00  5.33120751247135161E+00  5.33709371375007890E+00
