4
   512  6.75123455836456809E+00  6.75123455836456809E+00  6.75123455836456809E+00
        0.00000000000000000E+00  0.00000000000000000E+00  0.00000000000000000E+00
  4.62733810730875383E-01  5.47659727150590969E-01  1.97427582017548087E+00  1.84259137969318765E+00
  4.32438693220842718E-01  1.70591214671570390E+00  2.50928281857562352E+00  2.96138108171836389E+00
  5.06617780002852514E-01  8.71289355400596821E-01  2.61666220124864113E+00  2.54459551061690226E+00
  5.06617780002852514E-01  1.87572928392737759E+00  4.01232240464196455E+00  5.95322927292678283E+00
  4.54107542322554236E-01  6.36186682239769041E+00  3.88168602139813901E+00  3.26444635431093300E+00
  5.02120514290034237E-01  2.81545818737972153E+00  5.75771370962488094E-01  4.57156522665089771E+00
  5.75027356379647192E-01  3.27536301629927440E+00  5.54646073533426875E+00  4.64996774194959173E+00
  5.15720700463495496E-01  5.67269942690576734E+00  4.54122986334190237E+00  5.03681816482673916E+00
  3.49822487141294602E-01  2.55624462439548950E+00  5.03863233697102508E+00  4.93595165167556171E+00
  2.89926324498661514E-01  4.63721378182449229E+00  2.58614998886243663E+00  1.93005697939413845E+00
  4.84429066430730915E-01  1.66179024234787831E+00  5.32808262207745997E+00  1.82168329311558264E+00
  2.64730453937343402E-01  2.65131518082377404E+00  6.59108864326891819E+00  7.50183380062390270E-02
  4.05674446517406473E-01  4.06271438433583043E+00  2.14689256002077800E+00  5.67982919663327390E+00
  2.46370760027530694E-01  2.51531469387080131E+00  1.53250763592331274E+00  1.93410962868640524E+00
  4.49792344455842874E-01  1.85211631109006913E+00  1.87897005498957848E+00  3.56106282196528312E+00
  5.49108239936929698E-01  5.41664178513846917E+00  1.56731238376284110E+00  9.57343847596653030E-01
  5.91749286368603356E-01  2.96475462068575268E+00  9.89440767273255584E-01  1.35145187637704312E+00
  3.49822487141294602E-01  4.25625339452900509E+00  2.77915600749431446E+00  2.88313052107858514E+00
  3.96383251075161813E-01  6.24837785811569724E+00  3.34973880114332179E+00  3.92617178111248677E+00
  5.69669339224686877E-01  1.56840879927989763E+00  2.15037529928478177E+00  1.86965124003066485E+00
  5.02120514290034237E-01  5.81001918147291541E+00  2.77574372147312642E+00  3.39174496577583851E+00
  5.15720700463495496E-01  7.42191950312572457E-01  3.22904721141157369E-01  5.13929181237738586E+00
  5.49108239936929698E-01  8.74270276963924342E-01  1.32964318460799125E+00  4.74268068905029327E+00
  3.76902076901479588E-01  2.96845554953369284E+00  1.26247188066059213E+00  6.61831216593484317E+00
  3.71781505092813103E-01  5.00657035876501011E-01  5.03034941874600872E+00  2.09781730411647160E-01
  4.54107542322554236E-01  7.47925494295938464E-01  4.06889877513266018E+00  4.75940102263119691E+00
  5.29698296771959232E-01  2.59103027023776322E+00  5.65135060473881712E+00  2.06780059341692990E+00
  5.59225941233592594E-01  2.25736456971258326E+00  1.22611604548510256E+00  4.74946669375765962E-01
  4.28056431560671025E-01  3.91758302960048743E+00  3.10580021311146792E+00  6.63796893392991549E+00
  2.64730453937343402E-01  3.36872912390115609E+00  4.54979210218454888E+00  3.98747608502151962E-01
  4.01058911976384491E-01  4.59085615977144279E+00  1.73244356724278226E+00  2.93506710376444513E+00
  3.81909890374632355E-01  1.70921688527426929E+00  5.97160197244877011E+00  3.04597738566345067E+00
  4.84429066430730915E-01  3.50422683147952707E+00  6.68555451852205973E+00  2.89889071243591001E+00
  5.44158343748334383E-01  2.21005010508199484E-01  3.45848577057282247E+00  1.26945573469963624E+00
  5.91749286368603356E-01  6.11184572398680093E+00  6.46002386705842380E+00  6.44220970087402561E-02
  3.43844632468353784E-01  2.14031751289089689E+00  4.30530818945428162E-01  1.36285977472516873E+00
  4.97655099191040562E-01  3.62967286510942699E+00  2.24288251533415739E+00  6.46673141528698636E+00
  5.29698296771959232E-01  4.89860400898583670E+00  1.05528836207023136E+00  1.61519560537653706E-01
  5.02120514290034237E-01  4.75003226400721346E+00  9.38471846538952020E-02  3.21255268234858438E+00
  3.37575933792008509E-01  4.72058419864477496E+00  3.32579362680990842E+00  3.39983153665430882E+00
  5.11150069422808828E-01  4.01726264391782983E+00  4.58068552580256583E+00  2.81989847875442923E+00
  4.62733810730875383E-01  3.24180784948986167E+00  5.78017402732977992E+00  2.80640283241712929E+00
  3.55575626152149271E-01  5.42802339333258566E+00  6.32718921148599822E+00  5.40599206881848637E+00
  5.15720700463495496E-01  4.23854183036912069E+00  2.06322362673548643E+00  1.46456581703723465E+00
  5.29698296771959232E-01  4.59943344600198323E+00  3.65520485656557836E+00  4.19298100059936107E+00
  5.39277054206551698E-01  5.64222107476315227E+00  3.51548853526211902E+00  4.62016225635817168E+00
  3.55575626152149271E-01  7.71699486828564707E-01  9.21521321588295139E-01  6.66265290361087104E+00
  5.86062212635089952E-01  5.44992820489239449E+00  4.31680960673685288E+00  1.72229934987986932E+00
  3.86818426119931114E-01  4.20115389236966141E+00  4.13063252035352768E+00  1.42864026712950798E+00
  4.05674446517406473E-01  3.48378262099166980E+00  5.20721918822665053E+00  4.91894664384306901E-01
  3.61137627255947724E-01  3.66797201219842073E+00  4.79674055013382805E+00  1.36703065661817402E+00
  3.16615288597822842E-01  5.07590635848168681E+00  2.04637074167256339E+00  1.59278381055099416E+00
  5.29698296771959232E-01  4.47885439820056419E+00  1.91834374838992572E+00  4.44482640942451024E+00
  5.20333150277951795E-01  4.16243128287185371E+00  3.97737547680803560E+00  5.09171529497908804E+00
  2.78555296554233556E-01  5.62776629346483492E+00  4.07736663433695501E+00  6.53729952078697440E+00
  3.61137627255947724E-01  5.30510991893964245E+00  5.91260849273324762E+00  6.20687053841946046E+00
  3.16615288597822842E-01  6.24656954759802385E+00  3.93855468962005828E+00  5.05420462454549035E+00
  5.80490670513443274E-01  4.36119737221909709E+00  1.03254126565415527E+00  3.58764151623418304E+00
  4.45471777578522854E-01  1.51167240167946915E+00  5.92131679119505705E-01  3.50857440624418215E+00
  5.49108239936929698E-01  2.33703976192178331E+00  5.79415463958880306E+00  5.37110202696575545E+00
  4.10231171689561747E-01  1.77214413662962755E-02  5.71509796912759693E+00  2.01915150118871400E-01
  4.10231171689561747E-01  3.46286619395326323E+00  1.88698219550499080E+00  9.90387052801103285E-01
  4.32438693220842718E-01  4.21679032681357202E-01  3.99238615395779117E+00  2.92399560252138757E+00
  5.34458872568623455E-01  9.05390323493132976E-01  1.11894201455234965E+00  5.80517411960372520E+00
  4.67051022334941945E-01  4.32847070126347711E-01  4.44051791444131094E+00  1.38437138832522910E+00
  5.69669339224686877E-01  1.05829402221977587E+00  4.60226105023738707E+00  5.57626606142587189E+00
  3.81909890374632355E-01  3.22542752931580479E+00  2.26919190698562145E+00  3.16215214669410649E+00
  2.14322779410510394E-01  5.80633956449259436E+00  2.95384506399323588E+00  4.11205106609854987E+00
  4.05674446517406473E-01  1.15338192353315572E+00  2.29181623717573529E-01  5.97997326905374127E+00
  3.37575933792008509E-01  8.25858078260743728E-02  7.02866546642214818E-01  5.83886264623344786E+00
  4.45471777578522854E-01  3.30845200127107475E+00  5.91968029699996401E-01  5.38085929717802447E+00
  4.71376829571238165E-01  1.35115768328577901E+00  2.40321421507482036E-01  1.63909747538855965E+00
  4.67051022334941945E-01  6.43396744374953489E+00  4.91688076150514775E+00  5.93328065222126083E-02
  5.29698296771959232E-01  1.30820334133910343E+00  6.18537158351274030E+00  2.23197810658476214E+00
  5.91749286368603356E-01  3.75150479159339723E+00  3.09641574684069321E+00  5.63184224598160821E+00
  4.54107542322554236E-01  1.09772387392288229E+00  4.74734474761085146E+00  7.05480809707993428E-01
  3.49822487141294602E-01  3.79104774332950534E-01  6.37469976562348428E+00  4.78143742650768111E+00
  3.81909890374632355E-01  4.32539258955750494E+00  3.92624971435402959E+00  3.36694587915535104E+00
  4.28056431560671025E-01  4.18964287309840977E-01  6.22912805875390152E+00  2.58525753069145425E+00
  5.59225941233592594E-01  2.07198861883117047E+00  4.67522210427636065E+00  1.11822582104617352E+00
  5.20333150277951795E-01  5.12847529500523258E+00  6.66383689041515304E+00  5.42365632208427928E-01
  4.71376829571238165E-01  3.21652683433369591E+00  2.46715456308196934E+00  3.99282097502939859E+00
  5.24991069551568490E-01  3.42062574687660881E+00  4.73508412120314859E-01  3.74804074934752718E+00
  5.54129086970597151E-01  6.34693840585106139E-01  4.83284831665012593E+00  4.11117263021195445E+00
  4.23649157779161234E-01  5.94047808374439246E+00  8.76171900331339931E-02  9.90753286927509524E-01
  4.97655099191040562E-01  1.48223913560084825E-01  8.54485827680435794E-01  1.98198293532474712E+00
  5.11150069422808828E-01  4.74118348839176118E+00  3.44798489282134213E+00  1.65225898761303980E+00
  3.61137627255947724E-01  5.33899796344333755E+00  1.18560720604337289E+00  2.40353544206399139E+00
  3.24058750641704252E-01  2.55276102573181918E+00  1.93589515304299642E+00  3.13839929992464173E+00
  2.14322779410510394E-01  3.68980538786940304E+00  4.27356201164121341E+00  3.38977488773386915E+00
  2.46370760027530694E-01  3.13983961637753506E+00  1.34321268258571203E+00  6.10242093027079768E-01
  2.89926324498661514E-01  4.17357688778465974E+00  5.26544630313046635E+00  3.24503406484361445E+00
  3.30997587999695309E-01  6.13625060062924543E+00  6.59989675796869157E+00  1.67924666064603190E+00
  3.16615288597822842E-01  4.69572864706233162E-01  1.21589447967307884E+00  1.32309104918212528E+00
  4.41142703402056136E-01  3.08811976885403583E+00  3.87888830014972896E+00  2.50235135671159403E+00
  4.10231171689561747E-01  3.21009240815141128E+00  3.77210614514076159E+00  5.05732841956132528E+00
  5.59225941233592594E-01  1.67137245234858067E+00  4.87145252979832399E+00  4.66732035888518393E+00
  4.19212477446155474E-01  5.37912798805558356E+00  3.50631737517676623E-01  6.49689349968791774E+00
  5.91749286368603356E-01  6.44990726650951718E+00  3.09596403525309949E+00  3.28198400895912179E-01
  4.93220738472549158E-01  4.17122067443361377E+00  5.32695330700070713E+00  5.18894776899746546E+00
  5.80490670513443274E-01  3.38100928668935063E+00  5.10142334675862852E+00  3.58887229365376959E+00
  2.99785386141821708E-01  4.50401921853559806E+00  6.52498519953994549E+00  1.11033822215190381E+00
  5.20333150277951795E-01  6.06971748240489894E+00  3.11923376794366325E+00  5.50499633872392380E+00
  3.43844632468353784E-01  2.07816352889031553E+00  5.79155708207928299E+00  2.24790064585524335E-01
  5.80490670513443274E-01  4.93618633029536902E+00  3.58330003781799222E+00  6.66303467274430172E+00
  5.39277054206551698E-01  2.67180432902123899E-01  1.54770850292146900E+00  3.86594476329752634E+00
  4.67051022334941945E-01  2.11176503097182211E+00  6.44567798151086180E+00  1.70258799211240319E+00
  3.37575933792008509E-01  4.62397746957822164E+00  4.73222030693853668E+00  1.25642501950958119E+00
  2.46370760027530694E-01  1.98103045370096353E+00  5.43301419412032693E-01  8.05686626898453717E-01
  3.91639445074813297E-01  1.94094718100077457E+00  2.35682634068583097E+00  5.02995452483422234E+00
  5.34458872568623455E-01  3.85032163786743675E+00  5.32120649423347825E+00  2.06963186836603219E+00
  4.01058911976384491E-01  6.12127115019606904E+00  4.59104439595225122E-01  6.16468873699404707E+00
  5.44158343748334383E-01  6.41274176494216608E+00  7.79311076344200299E-02  2.47726863814205744E+00
  5.20333150277951795E-01  5.46064380955755269E+00  3.71489491860500198E+00  3.59533250234071078E+00
  4.71376829571238165E-01  6.08235682320411541E+00  4.06124966821117983E+00  5.81502330637757581E+00
  4.23649157779161234E-01  1.48164309977531872E+00  1.74054008821484674E+00  6.25241203805180579E+00
  3.61137627255947724E-01  3.99689516158949276E+00  4.63392713374526544E+00  5.65757578472870115E+00
  3.71781505092813103E-01  4.00766659542610704E+00  6.56770907107856239E+00  3.58130230876006994E+00
  5.20333150277951795E-01  6.38707707761306498E+00  4.16299931061215600E-01  3.49467761832616430E+00
  4.32438693220842718E-01  4.28569428463698898E+00  1.60785800749775043E+00  6.28940446945659115E+00
  4.28056431560671025E-01  5.65985008926768440E+00  1.69662473187808716E+00  1.89487170262396742E+00
  4.84429066430730915E-01  2.22977216081358010E-01  1.79921400491286176E+00  5.47405929525060664E+00
  3.81909890374632355E-01  6.00966895022535041E+00  5.55069062813400294E+00  4.44448982406393356E-01
  5.44158343748334383E-01  9.56522460141916331E-01  3.62377404772661738E+00  6.28301626271793179E+00
  4.88813983084759374E-01  2.39270797685459069E+00  5.38250158259058065E+00  6.32227403880373195E+00
  4.10231171689561747E-01  4.45160486015955126E+00  2.57498340772254952E+00  6.26936671771184351E+00
  3.71781505092813103E-01  1.35443330372857185E+00  5.46083446874272749E+00  1.03362327707275381E+00
  3.91639445074813297E-01  3.00045052133145251E+00  4.85907009175858828E+00  1.02457036301125282E+00
  4.41142703402056136E-01  5.02736398693165487E+00  1.80478287837044005E+00  3.65189667883173907E+00
  5.64404144318620404E-01  3.73799540712953826E+00  1.32142493079148216E-01  1.28840129104482748E+00
  4.32438693220842718E-01  4.90136284899340247E+00  2.58650239821517625E+00  3.28160857805793116E+00
  5.64404144318620404E-01  3.27275733957008264E+00  5.20486123165890024E+00  5.73712323398339308E+00
  4.67051022334941945E-01  7.85880451077816011E-01  3.21610817410824845E+00  4.46392695670652428E-01
  4.58420388086688613E-01  6.73960900812641306E+00  6.26455322689722749E+00  3.35933852688422929E+00
  3.81909890374632355E-01  3.49680851014818872E+00  4.08859057669061432E+00  5.72599834272531094E+00
  5.24991069551568490E-01  3.04700791712000640E+00  4.84190788697523544E+00  2.56711660661877916E+00
  3.76902076901479588E-01  1.77929991254855224E+00  4.01398411400925426E+00  1.72294639726780141E+00
  4.62733810730875383E-01  5.45113949601250258E-01  2.97396280527422041E+00  5.55064480975465369E+00
  4.67051022334941945E-01  1.10514971416037788E+00  1.80688702915895183E+00  3.42596228686318227E-01
  3.55575626152149271E-01  3.13725348942561277E+00  3.08680450828617392E+00  3.45083805654178954E+00
  4.75713279310277237E-01  4.80967566601264007E+00  1.07532924681992470E+00  4.88176210843453884E+00
  5.59225941233592594E-01  5.12706910368875945E+00  3.77417721866566991E+00  5.55576891505712744E+00
  4.93220738472549158E-01  1.12508167454139629E+00  6.49554820543954659E+00  4.40683205522730681E+00
  5.39277054206551698E-01  3.29545926087454966E+00  5.73834322879930880E+00  1.25049231459196242E+00
  4.05674446517406473E-01  6.24760495989274744E+00  5.25793008497047420E+00  5.10898422044366995E+00
  3.66532661804007787E-01  1.59339955318024196E-01  9.82612722685797801E-01  5.19728202034315068E+00
  4.54107542322554236E-01  4.47224412054512577E+00  1.22744712097411957E+00  1.03132309971931302E+00
  3.24058750641704252E-01  4.94372687355917151E+00  5.18508328168340960E+00  3.59728110522869038E+00
  3.96383251075161813E-01  2.47837186311982549E+00  6.09072948450574714E+00  3.04880675878615381E+00
  4.97655099191040562E-01  4.96905735853884423E+00  4.48057754449976908E+00  3.13891441654510484E+00
  4.10231171689561747E-01  5.25294569784863796E+00  1.03295825278332498E+00  3.15504788664187252E+00
  4.58420388086688613E-01  4.96316275538297180E+00  2.63416978912427524E+00  1.10032542213039397E+00
  5.20333150277951795E-01  3.00454831105992115E+00  3.23717390823129225E+00  1.79131116213340014E+00
  4.75713279310277237E-01  3.41633739652342205E+00  1.45518262901141537E+00  3.36122896915088942E+00
  4.36799992478945909E-01  4.57161470764544298E+00  1.91851152604318687E+00  4.76172515786460748E-01
  3.91639445074813297E-01  8.03070611449791638E-01  5.20708034586561741E+00  1.49697957730015374E+00
  4.05674446517406473E-01  1.42079135034968873E+00  5.24044922157845505E+00  2.99555310188035495E+00
  5.75027356379647192E-01  2.53169858667456493E+00  2.06883373383525004E+00  1.25667962999523652E+00
  4.41142703402056136E-01  3.46811763906622295E+00  6.55071030820753908E+00  1.01962640976786551E-02
  3.55575626152149271E-01  2.58719096474032462E+00  9.86203273465510399E-01  5.28919623272057216E+00
  4.80063103612331954E-01  3.72411150363754517E+00  5.69317957859076351E+00  6.54259045051856525E+00
  4.88813983084759374E-01  2.90867048616460488E+00  5.86131555745601673E+00  2.87017089936885128E-01
  4.45471777578522854E-01  2.75174238568159213E+00  4.35132697981449645E+00  1.78350725945238331E+00
  5.86062212635089952E-01  5.75605715054576472E-01  8.06479041956641107E-01  3.06028067407917925E+00
  3.49822487141294602E-01  2.61508784574965025E+00  5.08956265212604642E+00  4.33934499660148243E-01
  4.58420388086688613E-01  5.46795432490040056E+00  5.66388287532828905E+00  3.92857426028323120E+00
  2.78555296554233556E-01  7.50623282563209537E-01  5.39570770318464543E+00  8.00790375949806288E-01
  2.14322779410510394E-01  1.63939533659941694E+00  1.07855800301267846E+00  5.95919685707830826E+00
  4.01058911976384491E-01  6.03551743895954207E+00  4.95797215188599694E+00  2.37595078504259982E+00
  5.29698296771959232E-01  1.98873169044531517E+00  2.24131872528631737E+00  1.86681923959197249E-01
  4.80063103612331954E-01  5.42165156648232127E+00  3.60860555994990229E-01  2.54749835091620636E+00
  4.36799992478945909E-01  4.93937492804317113E+00  6.19264065477123982E+00  2.56434349688600660E+00
  3.86818426119931114E-01  5.58412000348487947E+00  5.98049643093269800E+00  9.28014346436736748E-01
  4.75713279310277237E-01  5.70926072083373182E+00  8.40997477941284766E-01  4.67931574649452120E+00
  3.66532661804007787E-01  3.96431520483030564E+00  4.93632534659444389E+00  4.45121572921579300E+00
  4.67051022334941945E-01  1.47038095239679434E+00  2.06515938381000330E+00  4.37364262297985640E+00
  3.37575933792008509E-01  2.66234020424698414E+00  3.22155170605769081E+00  2.58014755045193223E+00
  3.81909890374632355E-01  5.03940779094311608E+00  6.05323763188345332E+00  4.76100255273156403E+00
  2.46370760027530694E-01  2.26990093530424009E+00  6.34973746672082751E+00  3.20937792513023123E-01
  4.45471777578522854E-01  1.97404766040829038E+00  2.98760332634533521E+00  2.27584565292307150E+00
  5.24991069551568490E-01  4.05591322027356593E+00  2.20768501156501795E+00  3.52293066187177217E+00
  2.99785386141821708E-01  4.57708589632412011E+00  3.23618272564705611E+00  5.93799896575279273E+00
  4.88813983084759374E-01  5.37021433588598285E+00  4.64424066002513580E+00  6.08875953386605406E+00
  2.14322779410510394E-01  1.68723958977337896E+00  1.56881144548798934E+00  8.01785899419201059E-02
  5.75027356379647192E-01  4.02879549552199512E-01  2.35175149913799597E+00  8.86576985577337995E-01
  3.16615288597822842E-01  5.31250888872097526E+00  4.79936060730348935E+00  2.47273446969677035E+00
  5.02120514290034237E-01  4.53074886688632805E+00  6.25308744870301592E+00  6.51821767932704699E+00
  5.59225941233592594E-01  5.01344701416102012E+00  5.43547984669880879E+00  1.65380660635060717E+00
  3.76902076901479588E-01  1.87087811596186460E+00  5.35039527097016743E-01  6.04475633835915183E+00
  4.05674446517406473E-01  2.15561095230523891E+00  2.99322533085960962E-01  2.26595060855238728E-01
  2.89926324498661514E-01  2.89948003743462701E+00  1.95704314528760737E+00  6.29725936229657002E+00
  5.39277054206551698E-01  4.94257647385734966E+00  1.93369352397925742E+00  5.40786401002688866E+00
  3.96383251075161813E-01  6.61679137431277020E+00  7.45106721722350263E-01  1.13270588198761568E+00
  5.80490670513443274E-01  1.22510481738349952E+00  8.78245772496423660E-01  8.12160012502033402E-01
  5.39277054206551698E-01  8.94498934852089977E-01  6.05103761536236462E-02  1.21731913828820204E-01
  4.93220738472549158E-01  2.38938260299006533E+00  5.48642251028461025E+00  4.05601066411457989E+00
  5.15720700463495496E-01  1.96187062861678696E-01  4.35600219817415901E+00  6.18793751359155486E+00
  3.71781505092813103E-01  4.38256513898684474E-01  3.80147586310224472E+00  5.50822886543957946E+00
  4.80063103612331954E-01  2.96837141507273738E+00  6.13276190468014271E+00  6.11005638674209717E+00
  3.86818426119931114E-01  3.45570814567125106E+00  2.51199534571286298E+00  1.48496266054034232E+00
  5.75027356379647192E-01  6.15081949334256795E+00  1.97441741390976078E+00  2.09762252602268662E-01
  3.08607932839089050E-01  2.87999315093674202E+00  6.34207872633184344E+00  1.67683407849597388E+00
  4.80063103612331954E-01  5.66023708303281570E+00  2.44244754100352424E+00  4.89221894956153491E+00
  4.14741582532007880E-01  6.63110084443010717E+00  5.79705399083473072E+00  4.62372595147083931E+00
  4.01058911976384491E-01  4.79052623003691647E+00  4.62722515129476886E+00  5.27089970565571608E+00
  5.69669339224686877E-01  2.02348739283924584E+00  6.45596252310387531E+00  3.81911666190271681E+00
  5.15720700463495496E-01  3.60478546724235294E+00  6.63224406364045027E+00  4.58357289797247525E+00
  5.24991069551568490E-01  1.65408640939338580E+00  6.52787060314470047E+00  8.10936548047672678E-01
  3.91639445074813297E-01  5.27795928615786014E+00  3.59786722662669201E+00  2.36257016788775598E+00
  5.86062212635089952E-01  1.97083480781343856E+00  4.57121690842119666E+00  2.51266752989316799E+00
  5.02120514290034237E-01  3.76983756384809965E-02  4.53475326018629143E+00  5.19854547139550771E+00
  4.49792344455842874E-01  4.78008602318039166E+00  4.59020958852155214E+00  6.53704031935790908E-02
  2.89926324498661514E-01  2.50125684335971465E+00  3.70104455062599591E+00  6.33671986268389809E+00
  4.32438693220842718E-01  4.10804820780903057E+00  3.69488135308032906E+00  4.84239538081858378E-01
  5.11150069422808828E-01  3.03886173553754313E+00  1.30324799138290759E+00  2.46155558946146424E+00
  5.59225941233592594E-01  6.20288941313180597E+00  1.14644411645467459E+00  2.72115238132189363E+00
  4.88813983084759374E-01  5.57906807310700525E+00  5.25385076849149169E+00  3.08196433219212196E+00
  3.61137627255947724E-01  4.72402523215563708E+00  2.36965275534403075E+00  2.53832081989956393E+00
  5.54129086970597151E-01  5.63883878318225573E+00  3.39286513147445001E+00  1.08137903053717777E+00
  4.67051022334941945E-01  7.89106598334545217E-01  5.76814841449794447E-01  4.06555151794703029E+00
  4.67051022334941945E-01  1.06479663465178884E-01  3.13650087889712292E+00  2.23984165476811237E+00
  3.76902076901479588E-01  2.51931946697220632E-01  6.29462465690924855E+00  6.47409019233189387E+00
  5.34458872568623455E-01  2.22796232641716729E+00  2.22762503014115776E+00  5.90089177138002263E+00
  3.30997587999695309E-01  1.89194687077318857E+00  6.51367405150652345E+00  4.70821124853894801E+00
  5.11150069422808828E-01  6.28707656050595087E+00  1.63545615853887250E+00  4.77254292582503314E+00
  5.06617780002852514E-01  4.20369240690582746E+00  3.05011889964911631E-01  3.29341090013859195E-01
  3.43844632468353784E-01  1.73034740730468917E+00  4.78243453465708512E+00  6.28754803104622528E+00
  3.66532661804007787E-01  5.91786988266387759E+00  4.55107919310687326E+00  3.43256542319115177E+00
  3.71781505092813103E-01  2.56706061825034659E+00  4.69323207678134136E+00  3.30995127725477944E+00
  3.86818426119931114E-01  5.85862252630099967E+00  3.46949347846044187E+00  6.39497084083516398E+00
  4.49792344455842874E-01  5.14278681738670951E+00  2.84688183639226189E+00  4.08929582570236416E+00
  5.80490670513443274E-01  4.27273089410587037E+00  2.41331522384206298E-01  5.37874018687804956E+00
  2.89926324498661514E-01  2.80386260639701757E+00  1.79403437350504369E+00  3.68124815091793067E+00
  5.54129086970597151E-01  6.18116720423170829E+00  5.90272020834884881E+00  5.81688138511896291E+00
  2.78555296554233556E-01  4.32546078847243898E+00  5.94829796154050161E+00  2.28622264864372848E+00
  3.24058750641704252E-01  4.79331470155271600E+00  3.72170943359026296E+00  2.87451852128888463E+00
  4.19212477446155474E-01  1.87176076797773661E+00  5.05666388531446742E+00  2.39676897243942477E-01
  4.88813983084759374E-01  3.12294507495685014E+00  1.41598417675839694E+00  5.78046486346447264E+00
  5.34458872568623455E-01  2.30137403373785565E+00  3.60613992227604285E+00  1.09708905296513159E+00
  3.24058750641704252E-01  3.92681514425155198E+00  6.68512793218967527E+00  6.15614056794561382E+00
  3.49822487141294602E-01  3.14969064353591577E+00  4.27584334090438478E+00  3.22621795617072804E+00
  4.19212477446155474E-01  1.20738148254442867E+00  1.36319686875936563E+00  3.83410562197853944E+00
  2.99785386141821708E-01  4.74652527305082383E+00  3.27931630413350961E+00  7.64515454648261539E-01
  5.80490670513443274E-01  1.73639047814676162E+00  6.38244056402320736E-01  4.50851308705864628E+00
  5.49108239936929698E-01  3.12663354388365589E+00  6.19161179865455580E+00  3.74011267751636867E+00
  5.11150069422808828E-01  2.26310384556996746E+00  5.72655872566838386E+00  1.05701171715791431E+00
  4.45471777578522854E-01  8.88795532368060748E-02  5.08990514661049342E+00  1.92551097962116802E+00
  3.16615288597822842E-01  6.58445753526110433E+00  6.67047919332500872E+00  6.06872291594826407E+00
  4.71376829571238165E-01  3.94494889486434852E+00  3.19593648430760746E+00  3.59065902150559113E+00
  4.28056431560671025E-01  1.07980293047328835E+00  3.18496097945378809E+00  3.25695717658113404E+00
  2.89926324498661514E-01  4.87367284190390126E+00  4.14221423763627961E+00  2.43391945786297148E+00
  3.55575626152149271E-01  1.02309377091453313E+00  1.72726455924989519E+00  1.19567947816113596E+00
  3.55575626152149271E-01  6.18443256962046384E+00  3.32413651079017525E+00  1.80605586054400313E+00
  5.44158343748334383E-01  5.41427664099769679E+00  4.90990601533312354E+00  7.60726910765860631E-01
  3.86818426119931114E-01  4.60214852312424494E+00  3.55968812054855921E-01  6.28239345617693701E+00
  3.43844632468353784E-01  5.11542856961085679E+00  1.07662342361318486E+00  4.12133262197338102E+00
  3.61137627255947724E-01  5.58483644502600374E+00  2.16703010333137192E+00  4.10097383117883574E+00
  5.44158343748334383E-01  1.80684339661833770E+00  1.43398222085732074E+00  5.30353790496821453E+00
  2.78555296554233556E-01  2.25278490730259451E+00  2.96987366699380440E+00  4.18933020390195143E-01
  5.54129086970597151E-01  2.73717722086971138E+00  3.34519451338710150E+00  4.22594352081888314E+00
  5.86062212635089952E-01  6.37195381081453682E+00  4.27686356453252614E+00  4.22678644643381940E+00
  3.16615288597822842E-01  5.90347140809063831E+00  5.98393818232885089E+00  1.55473427685161192E+00
  5.75027356379647192E-01  5.48791464550014574E+00  2.73294466540622638E+00  1.98512409660623179E+00
  3.24058750641704252E-01  3.82752002575156469E+00  3.52522140463374312E+00  1.68263165493809086E+00
  5.69669339224686877E-01  2.38050132214995669E+00  3.77248148853980680E+00  3.24951003747887279E+00
  4.14741582532007880E-01  8.62947999573198121E-01  4.66710533325746457E+00  3.18430561090464748E+00
  3.37575933792008509E-01  5.48250753557767645E+00  1.24524619542824189E+00  5.35002630875920815E+00
  5.59225941233592594E-01  3.95083147070317242E+00  1.13624233081601900E+00  1.92660891283935665E+00
  3.24058750641704252E-01  4.25471882271757307E-01  1.62197566995562426E-01  6.01503855670870191E+00
  5.29698296771959232E-01  6.41912380204304700E+00  2.47192461098348071E+00  4.16733365049496118E+00
  5.49108239936929698E-01  1.71137912277222148E+00  4.10172452953489763E+00  2.41057520018960220E-01
  4.36799992478945909E-01  4.51648192845027907E+00  4.61642381069670638E+00  2.01451498257459427E+00
  5.91749286368603356E-01  5.21445110466200834E+00  6.56873173844529568E+00  1.64715109235708623E+00
  4.62733810730875383E-01  4.12501269874762055E+00  5.97734203156054988E+00  3.00032160490578148E+00
  3.08607932839089050E-01  2.75326877244161761E+00  1.93761376153914533E-01  1.71609489965798945E+00
  5.49108239936929698E-01  2.71447089557768040E+00  6.67358864094886428E+00  9.03262798596064620E-01
  5.34458872568623455E-01  6.47563292160562654E+00  1.62887066277205861E+00  1.38865643621301804E+00
  4.58420388086688613E-01  2.93116068833160526E+00  1.97052558371113218E+00  3.08639497580395883E-01
  3.30997587999695309E-01  3.10169669334010489E+00  5.04281599196812458E+00  1.73638556164188929E+00
  5.49108239936929698E-01  6.42896456856235510E+00  2.20717351390405980E+00  2.30383989542777146E+00
  4.41142703402056136E-01  1.52473071801310534E+00  9.13279260656008063E-01  2.68225466567606619E+00
  2.99785386141821708E-01  4.35905169065642417E-01  5.21581422160988240E-01  6.52045326700385952E-01
  3.43844632468353784E-01  6.66911313989603549E+00  2.68822255093977747E+00  1.59075586051262086E+00
  3.76902076901479588E-01  5.61078574381020800E+00  4.06870319677916115E+00  4.41391011455818993E-01
  3.16615288597822842E-01  3.76635184982567317E+00  9.35514169508744109E-01  9.27520725599823015E-01
  4.23649157779161234E-01  4.46590571542233694E-01  6.29979751178823655E+00  5.58158544494381115E+00
  5.75027356379647192E-01  9.24510898219414345E-01  3.78759994972484826E+00  2.07530562765732141E+00
  4.10231171689561747E-01  4.04078707374267410E+00  3.83519778117734766E+00  6.24376977343719552E+00
  3.61137627255947724E-01  3.89080401271755649E+00  2.33570764463776515E+00  5.31367371916564135E-01
  5.44158343748334383E-01  3.83640880226722114E+00  2.08135626071224422E+00  2.48429955922198742E+00
  4.19212477446155474E-01  4.17526138831301274E+00  5.34804099525259602E+00  1.12738352804508635E+00
  4.01058911976384491E-01  2.19389811206791174E+00  5.35977482664741789E+00  3.19264201336599296E+00
  3.91639445074813297E-01  2.33892991382045468E+00  3.73328611023779766E+00  2.16877598641499292E+00
  4.05674446517406473E-01  5.75475567079955486E+00  5.35217805421593429E+00  6.47742043947000035E+00
  4.01058911976384491E-01  2.68869804757718800E+00  9.25467248074025028E-02  3.20545485552652476E+00
  3.08607932839089050E-01  1.91266371332963270E+00  5.52544961459674067E+00  2.55702358437734967E+00
  4.71376829571238165E-01  3.76748190851725573E+00  4.64544414769792535E+00  6.45882687720248683E+00
  5.20333150277951795E-01  3.59994045758249159E+00  2.28294770474100206E+00  4.88888218853782863E+00
  4.49792344455842874E-01  5.60161178071049992E+00  1.13389129874915873E+00  6.19081301176757481E+00
  2.64730453937343402E-01  6.33468745489359097E+00  2.96989622337950721E+00  1.16744167463749382E+00
  3.24058750641704252E-01  1.65202641941535000E+00  1.70569416703055698E+00  9.05829572904921276E-01
  4.84429066430730915E-01  3.32116247676750120E+00  3.78779050685018737E+00  2.22247429896516024E-02
  3.43844632468353784E-01  4.80117201875453148E+00  5.95113925972308078E+00  9.34616896386468277E-01
  4.75713279310277237E-01  4.14877882915125618E+00  3.69647114117114617E+00  2.40144414539154338E+00
  3.91639445074813297E-01  1.62474492805290471E+00  3.18034342442201234E+00  6.26369266048566686E-01
  4.88813983084759374E-01  6.63424173683364415E+00  7.67532212078706033E-01  4.41436216994118169E+00
  2.46370760027530694E-01  1.58826468534780463E+00  6.01888937984923356E+00  1.40524032742185256E+00
  5.91749286368603356E-01  2.43241034008753010E+00  1.04154058931066373E+00  3.34491564889741078E+00
  5.75027356379647192E-01  6.01036103315707226E+00  8.40193086069895956E-01  3.38029629766806505E-01
  5.24991069551568490E-01  1.39171873889519615E+00  5.56325731845640181E+00  3.86792119226077880E+00
  4.14741582532007880E-01  1.53978098390538110E+00  9.63769753624105552E-01  6.62207289906828933E+00
  2.99785386141821708E-01  5.73249081162049645E+00  4.60028217598926403E+00  4.06675799602948806E-02
  2.46370760027530694E-01  4.95634459463056576E+00  6.58106963922466104E+00  5.10871157102635287E+00
  5.49108239936929698E-01  5.25742222727591102E+00  5.43911236492495132E+00  5.43098378705617524E+00
  4.14741582532007880E-01  4.55133089977464689E+00  2.75577500213931526E+00  3.19158309547107277E-01
  4.80063103612331954E-01  3.65759507546094875E+00  6.12975383948517294E+00  5.44167411427148640E+00
  4.54107542322554236E-01  5.17485597476138626E+00  5.72682158277895503E+00  2.38635633991731017E-01
  2.89926324498661514E-01  3.00940662131252612E+00  6.56059469054699473E+00  5.30380414442065717E+00
  2.64730453937343402E-01  1.60766687033608147E+00  1.26549528472677264E+00  3.28830395745998949E+00
  3.30997587999695309E-01  6.63276097837696010E+00  2.21708165657553108E-01  6.27661556158906397E-01
  4.19212477446155474E-01  1.61062466626077927E-01  6.70523372339788182E+00  4.12169867526180234E+00
  5.86062212635089952E-01  7.82413346353604489E-01  5.55418535024794924E+00  4.98173823070524602E+00
  4.19212477446155474E-01  4.62008894431265293E+00  9.74803090645783743E-01  2.62206526741635448E+00
  5.24991069551568490E-01  5.92329161885256106E+00  6.75816320826928441E-01  1.73533773240160194E+00
  5.34458872568623455E-01  5.78022179595563457E-01  2.37140514581446471E+00  4.70949263398783646E+00
  5.20333150277951795E-01  5.60105665477476783E-02  2.44807277093441611E+00  6.22297749062252059E+00
  5.06617780002852514E-01  1.20363263522602737E+00  2.26272469172580948E+00  5.53448800804343488E+00
  5.06617780002852514E-01  2.29651809605577650E+00  3.85523577061575207E+00  5.04496497159791879E+00
  4.58420388086688613E-01  2.66470992672304385E+00  6.37956937029311177E+00  4.61919738904032595E+00
  3.43844632468353784E-01  1.99328410784242904E-01  6.39670173881925752E+00  4.74549348549684780E-01
  5.11150069422808828E-01  4.49433134220381625E+00  5.22123560113469232E+00  6.13409995249764961E+00
  3.08607932839089050E-01  1.74311066627475419E+00  3.25158718863675622E+00  2.94336468965654419E+00
  5.02120514290034237E-01  1.87285644530277762E+00  3.17716996758073833E+00  6.51885598438724756E+00
  4.36799992478945909E-01  8.57198104150457829E-02  5.30741651325468244E-01  6.59439599554452904E+00
  3.66532661804007787E-01  4.56875865903596701E+00  4.35542498702645542E+00  6.01121360246074321E+00
  4.62733810730875383E-01  6.42901994224409368E+00  6.05031539481613478E+00  9.83091906712266761E-01
  4.19212477446155474E-01  4.39735461722426280E+00  5.33394512580902269E+00  3.01258851450344201E-01
  4.32438693220842718E-01  1.31283979793644079E+00  1.74943604467081482E+00  2.82202325630074879E+00
  5.02120514290034237E-01  5.45992497827154910E+00  4.24316951973615353E-01  5.52803389145708923E+00
  5.44158343748334383E-01  2.88191730308678284E+00  2.95873472121235537E+00  6.34951289752764847E+00
  2.14322779410510394E-01  3.83915664548577062E+00  5.30170698600635859E+00  2.84712124998638005E+00
  4.14741582532007880E-01  7.49841824111187050E-01  1.93879168778192251E-01  2.28826958388648549E+00
  3.71781505092813103E-01  2.53047778483050090E+00  3.52817314446102204E+00  2.23751211797286104E-01
  4.14741582532007880E-01  4.52816853871262825E+00  6.03788378336405795E+00  5.62695457824362322E+00
  3.86818426119931114E-01  7.21711982308789524E-01  2.79029945777765631E+00  1.68105949842956881E+00
  4.05674446517406473E-01  3.99648808459642657E+00  2.85577682480752948E+00  1.95375065483119803E+00
  2.89926324498661514E-01  2.60518374509295780E+00  3.37011611051136306E-01  3.84624123646226934E+00
  4.32438693220842718E-01  2.05901946730734542E+00  4.85441328880312195E+00  5.57996903428565183E+00
  3.30997587999695309E-01  2.44465805392841862E+00  2.29333566448851789E+00  3.85949010278906135E+00
  4.45471777578522854E-01  1.08129460627065122E+00  3.20269654783730084E+00  4.85418034797065712E+00
  5.64404144318620404E-01  1.17319035309018993E+00  5.74450461885783170E+00  1.60093013451098526E-01
  3.49822487141294602E-01  6.20403365154836406E-01  5.66905328011004350E+00  2.04780965554789196E+00
  5.69669339224686877E-01  1.02641471101169168E-01  2.98380132137108722E+00  3.26597969789908316E+00
  4.54107542322554236E-01  3.53132433579248373E+00  6.25687818944360608E+00  2.06439697223429253E+00
  5.54129086970597151E-01  1.79153331218009471E+00  2.89165081105317245E+00  3.86707499884459693E+00
  4.97655099191040562E-01  1.87702758427886351E+00  5.42441785785854336E-02  2.82133266767720814E+00
  5.69669339224686877E-01  5.71815497743147905E+00  6.34729462190736182E+00  3.20249039398218471E+00
  5.64404144318620404E-01  3.33995934720041543E+00  3.96436415781860330E+00  1.05959395925385924E+00
  4.75713279310277237E-01  4.07994919182138904E+00  4.58315020002664930E+00  6.70652811826865647E-01
  5.86062212635089952E-01  6.52741248098697646E+00  4.13226453477933475E+00  2.14772677822603031E+00
  5.80490670513443274E-01  6.42817566555334263E+00  6.97409332310181818E-02  5.19802480651244014E+00
  3.76902076901479588E-01  6.50160779744813233E+00  2.42720057796555899E+00  5.11709880038269560E+00
  4.23649157779161234E-01  3.74275433474285979E+00  8.07721404886026950E-01  2.82925862669481409E+00
  2.78555296554233556E-01  2.07514011094772499E+00  6.10450120797522544E+00  2.50060715158032698E+00
  4.93220738472549158E-01  5.87805223544562105E-01  5.53346364001714797E+00  3.16502054158406576E+00
  4.01058911976384491E-01  3.16097296325330568E+00  2.30148214494388048E+00  5.70167717726007606E+00
  4.45471777578522854E-01  1.96207640243254255E+00  1.24110750776824963E+00  1.43518591016147901E+00
  4.10231171689561747E-01  5.87185919337711137E+00  5.95493066691799644E+00  4.90497940009485944E+00
  2.99785386141821708E-01  1.88105193678246907E-01  4.32859626227147753E+00  3.53417740214595266E+00
  4.49792344455842874E-01  3.22702879813665122E+00  1.38832331808911125E+00  4.84809498612946577E+00
  3.96383251075161813E-01  4.83934554500608005E+00  5.21083189076700481E+00  4.61275517328322326E+00
  4.23649157779161234E-01  4.24825174075403478E+00  6.05235892246954243E+00  1.59526513507477863E+00
  2.14322779410510394E-01  3.03878185933813327E+00  1.94542339911660278E+00  4.45245297027385689E+00
  3.37575933792008509E-01  3.10578354565234260E+00  5.08379827915517701E+00  6.61514162796108351E+00
  5.80490670513443274E-01  4.64277355372238709E+00  7.54774090250182744E-02  4.28965375830958262E+00
  5.86062212635089952E-01  4.29489307439526624E-01  5.42851695635870435E+00  6.09235155222022673E+00
  4.10231171689561747E-01  1.02616393678453588E+00  4.61289215368654926E+00  6.55658226319175608E+00
  3.71781505092813103E-01  2.68837304155198176E+00  1.95969800797776106E+00  5.14502571610536208E+00
  4.62733810730875383E-01  8.16044831871048926E-01  3.91044875215505305E+00  3.72343471919615476E+00
  5.91749286368603356E-01  6.95050965838769685E-01  6.15077235021029800E+00  1.24174164936825426E+00
  4.36799992478945909E-01  2.66187282426210681E+00  4.30478403293067036E+00  4.06409732070115048E-01
  4.54107542322554236E-01  6.04078677922671758E+00  3.31789896152034114E+00  2.62888675811224548E+00
  5.39277054206551698E-01  3.77912819862009686E+00  7.79495571749295513E-01  6.25079349628627856E+00
  3.24058750641704252E-01  1.14147248867890272E+00  3.71674912321687190E+00  5.43584720186409776E+00
  4.93220738472549158E-01  4.69893714010649077E+00  5.29821222153013505E+00  2.64871168501567178E+00
  3.96383251075161813E-01  1.25687711053737994E+00  4.57203798268181938E+00  1.60627628543170853E+00
  4.71376829571238165E-01  1.13344313813008402E+00  3.89091347748583871E+00  1.05522140938573505E+00
  4.23649157779161234E-01  4.76465865442290770E+00  1.64766838245578340E+00  2.13330208715238179E+00
  3.96383251075161813E-01  3.61841968341428233E+00  1.71665119846686109E+00  4.16825022418411173E+00
  4.62733810730875383E-01  2.24187894910374119E+00  1.27578786356397322E+00  6.19773302272342352E+00
  5.29698296771959232E-01  3.79762393356438466E-01  4.12635527651935163E+00  4.39905593083941837E-01
  5.64404144318620404E-01  1.97209083309684252E+00  6.38489722141506810E+00  6.29659778270011827E+00
  4.32438693220842718E-01  6.18981139595726937E+00  1.00785322057375049E+00  5.54109420131379959E+00
  4.19212477446155474E-01  6.28501329761350469E+00  4.04398741759916458E+00  1.81218580333117711E-02
  4.93220738472549158E-01  2.73289239273427764E+00  4.44301897506088572E+00  6.24040097722582665E+00
  3.08607932839089050E-01  2.09100889476089025E+00  2.77425989318863575E+00  9.57232509129203657E-01
  5.54129086970597151E-01  2.36490466006844535E+00  1.57237928030267904E+00  4.36783372217480537E+00
  4.97655099191040562E-01  3.47916960335069270E+00  3.04211943089914438E+00  2.67043151761114927E+00
  4.41142703402056136E-01  7.37638886377734559E-01  3.07031843447183972E+00  4.04769476241598536E+00
  4.84429066430730915E-01  1.69311506079858654E+00  3.12559365352451657E+00  5.55020236473520701E+00
  5.91749286368603356E-01  4.24649996235169258E+00  5.75287562711413702E+00  4.03668029303220077E+00
  3.43844632468353784E-01  6.65157546229936347E+00  1.88432997440548533E-02  1.27148866283938577E+00
  5.15720700463495496E-01  1.10383083760917411E+00  1.16953569331770768E+00  1.86201562208395166E+00
  4.84429066430730915E-01  4.86233448822947079E+00  4.04856351601194930E+00  8.67123579370325581E-01
  4.54107542322554236E-01  5.44983688507274522E+00  4.47579807440312949E-01  3.75995486600851425E+00
  3.66532661804007787E-01  4.63962684220130761E+00  4.25355374001694708E-01  1.07621465750665912E+00
  5.54129086970597151E-01  5.98288213080373055E+00  1.95085606432024972E+00  5.74390963953828848E+00
  5.11150069422808828E-01  1.57636602798047742E+00  3.82837114190870365E+00  4.32638725920857237E+00
  4.75713279310277237E-01  5.44226429706022419E+00  2.74420415699576870E+00  3.05997001509334843E-01
  5.86062212635089952E-01  6.43752750784960082E+00  5.33358781035260954E+00  3.72391533583446099E+00
  5.06617780002852514E-01  5.32340533158651663E+00  4.61623959370447334E+00  4.06870750024067007E+00
  4.93220738472549158E-01  4.07573806099675906E+00  2.97608268101100437E+00  1.06649019792284649E+00
  3.86818426119931114E-01  5.62611343777931872E-01  1.70211029193663843E+00  6.43801283429332383E+00
  5.06617780002852514E-01  2.28379719434103556E+00  6.91119094990749527E-01  2.15988127003540020E+00
  4.58420388086688613E-01  2.71860732539015260E+00  6.57782687217892548E+00  2.38870905757193919E+00
  5.39277054206551698E-01  5.48949787926247357E+00  1.97755224646042538E+00  2.80470270482159112E+00
  3.37575933792008509E-01  4.94364893830193264E+00  6.61284333957129888E+00  5.87775118562770515E+00
  4.71376829571238165E-01  5.20646978332464716E+00  2.79582167161411954E+00  5.87054007059975813E+00
  4.75713279310277237E-01  6.01385194335671081E+00  5.19937252464365152E+00  1.53326284151119152E+00
  4.28056431560671025E-01  1.31074679936066185E+00  3.96289206902520164E+00  2.98430193654869313E+00
  4.28056431560671025E-01  3.63890396082675638E+00  4.32488460973608113E+00  1.99906520249787079E+00
  4.49792344455842874E-01  2.11511644945625132E+00  1.56774142667167071E+00  2.50296954609741551E+00
  4.84429066430730915E-01  9.13128175264468989E-01  4.93992907320240970E+00  2.32896570476529430E+00
  4.28056431560671025E-01  1.40306093657483788E+00  2.41953673642755263E+00  9.23244570870234815E-01
  2.64730453937343402E-01  5.29352030838997401E+00  6.42664084716013306E+00  6.56370128319079083E+00
  5.69669339224686877E-01  5.92212179162646546E+00  1.35544037059789746E+00  3.79451324887959318E+00
  4.01058911976384491E-01  5.47937076048675586E-01  3.82417522710488456E-01  1.32969117673752724E+00
  3.08607932839089050E-01  5.03885282923396183E+00  4.09601212390314107E+00  4.75461403032123808E+00
  5.02120514290034237E-01  2.67604148396687780E+00  2.96310338481542734E+00  5.32371377210397689E+00
  5.75027356379647192E-01  3.07421781049058929E+00  2.91630208914954947E+00  6.99970316920009994E-01
  2.14322779410510394E-01  6.07181319895558858E+00  5.68553550541342645E+00  4.35049057085820490E+00
  5.24991069551568490E-01  9.64612819673817512E-01  2.28160717892867870E+00  3.53774416471898245E+00
  3.30997587999695309E-01  3.11837219369681007E+00  1.19287187668234806E+00  4.09993361657023403E+00
  3.96383251075161813E-01  2.57334285642202465E+00  2.47646160103223334E+00  4.57520750127864773E+00
  3.30997587999695309E-01  2.26614123506899734E+00  2.87839058300337269E+00  1.56473710232246010E+00
  3.81909890374632355E-01  5.35502479797071196E+00  6.40700284972381517E-01  1.02629063846799484E+00
  2.99785386141821708E-01  1.70836386488096137E+00  3.67050275320421404E+00  2.44733023576210895E+00
  3.55575626152149271E-01  4.34571772204119000E+00  2.74574769662083362E+00  4.15687560570916403E+00
  5.64404144318620404E-01  9.85130258018815930E-01  6.49478811873379414E+00  3.35816157808923244E+00
  2.64730453937343402E-01  1.35105278463656209E+00  3.22166999501411100E+00  2.52592410335384132E+00
  3.08607932839089050E-01  3.18570433532288089E+00  3.73301053947684380E+00  3.59804641933915459E+00
  5.15720700463495496E-01  1.04727984595398205E+00  2.58243944831984384E+00  6.49312086520483245E+00
  4.80063103612331954E-01  6.61923088930827674E+00  5.98844528894219685E+00  1.90460781049449990E+00
  4.93220738472549158E-01  3.93087435781914296E+00  8.35331314482288700E-01  4.55151316862262867E+00
  4.88813983084759374E-01  3.26377079155343752E+00  6.28917209203054273E-01  3.77754923165593670E-01
  3.66532661804007787E-01  4.30185068136983784E+00  6.18023359341546019E+00  4.89268865209263293E+00
  4.41142703402056136E-01  6.42500927327467686E+00  2.06851790687919435E+00  3.28429647920353585E+00
  5.44158343748334383E-01  2.75958551199951607E+00  4.12974160564047843E-01  6.25371195275884428E+00
  4.62733810730875383E-01  6.11345686645642239E+00  6.33285951511083045E+00  4.15608180547909178E+00
  4.14741582532007880E-01  5.72261577619627726E+00  4.15330360229608253E+00  2.74218450206403075E+00
  3.37575933792008509E-01  5.59152249733258611E+00  6.53013700422599541E+00  6.04883961868551445E+00
  5.11150069422808828E-01  6.26649009457229678E+00  4.31100726360317932E+00  9.89427758168185956E-01
  2.78555296554233556E-01  5.38659406412252739E+00  6.47242615858833936E+00  3.99294696909907154E+00
  5.39277054206551698E-01  1.71341760203985527E+00  4.58265464013318535E+00  3.60831662568993128E+00
  3.16615288597822842E-01  2.26942831023455999E-01  6.69692060238617159E+00  1.84084583053254436E+00
  4.97655099191040562E-01  1.49754526789201114E+00  5.50933468137979521E+00  5.92770908202991720E+00
  4.58420388086688613E-01  4.77836426112743418E+00  1.03747463119191075E+00  5.81458349044507639E+00
  5.24991069551568490E-01  3.67633125802786775E+00  4.16019261900419668E+00  4.12023993796088916E+00
  3.76902076901479588E-01  5.38900627254617870E+00  1.66784738065772764E+00  4.62346208084318100E+00
  4.97655099191040562E-01  4.02999380969599663E+00  6.11094055430288829E+00  6.20610786256975522E-01
  3.91639445074813297E-01  4.90795530638020061E+00  5.84230928295254248E+00  3.31446372605279116E+00
  4.28056431560671025E-01  5.54229651124974509E+00  6.70542741695625200E+00  4.72926809500545353E+00
  2.78555296554233556E-01  1.59108202716092806E+00  3.64408858554146065E+00  3.54951204232430007E+00
  4.36799992478945909E-01  6.58453841797262118E+00  1.35357256422456951E+00  6.26288470637736960E+00
  2.64730453937343402E-01  6.42256745012255492E-01  3.34348307227921904E+00  2.73457397142962044E+00
  3.71781505092813103E-01  4.56199550916383778E+00  4.50468365616896183E+00  4.49241758705207772E+00
  4.41142703402056136E-01  5.88642563737686775E+00  2.42807622033873294E+00  1.09818352103924521E+00
  5.06617780002852514E-01  1.41983387625380852E+00  6.34734601531829767E+00  5.37970856006133058E+00
  3.66532661804007787E-01  3.65064756598494311E+00  3.78673641130575023E+00  3.07457680373420361E+00
  4.88813983084759374E-01  2.67586356406237513E-02  5.16769743977751617E+00  9.15256877096337074E-01
  3.96383251075161813E-01  5.93097931964253799E+00  2.69187332004208146E+00  6.33687605176818547E+00
  4.45471777578522854E-01  6.51233318759628688E+00  5.56706775178798008E+00  2.72175270580300044E+00
  2.46370760027530694E-01  1.36258281351390065E+00  2.57051251190404084E+00  4.86587722114407839E+00
  2.64730453937343402E-01  5.41381929499133552E+00  5.53695046452180595E+00  4.63839676051669425E+00
  3.30997587999695309E-01  5.23285876569472652E+00  3.19475129027184890E+00  2.96076975055562919E+00
  3.91639445074813297E-01  1.67960926934345678E+00  5.82232932572523865E+00  4.69873359723489248E+00
  5.64404144318620404E-01  2.75831405823455933E+00  2.33508085722300374E+00  2.34116869721283738E+00
  3.55575626152149271E-01  5.87055355599489026E+00  5.15909594623933998E+00  4.45514486013267419E+00
  3.49822487141294602E-01  1.51733383428946733E+00  5.94568403122488265E-01  5.41240952221781857E+00
  3.49822487141294602E-01  1.01210716464387551E+00  6.19557559504690047E+00  6.12478539595316107E+00
  5.64404144318620404E-01  4.51051680956178203E-02  3.33228866504515242E+00  4.72804089771669567E+00
  5.54129086970597151E-01  4.29750734160206349E+00  1.31592282790734844E-01  2.25826074441118907E+00
  4.58420388086688613E-01  4.25417802111965115E-01  1.81992923644437887E+00  2.85717221306845737E+00
  4.75713279310277237E-01  5.72594954079538621E+00  5.80846939851833444E+00  2.30669049056215769E+00
  2.46370760027530694E-01  4.21714203660872844E+00  4.18171863114229581E+00  2.32798342633149247E-02
  2.99785386141821708E-01  1.36909973085317493E-01  3.62406906384013494E+00  3.91883726823536760E+00
  5.34458872568623455E-01  5.16191503167110266E+00  1.98075320068293559E+00  6.45819532846065503E+00
  3.61137627255947724E-01  4.73052346898370235E+00  3.08891308271104359E+00  2.45231650592495409E+00
  4.71376829571238165E-01  4.00440569975750282E+00  1.32328858413454142E+00  5.38058056232916471E+00
  3.66532661804007787E-01  2.75574209405899762E+00  4.51595541539836720E+00  5.38398186143474700E+00
  5.59225941233592594E-01  4.68821239594092454E+00  2.91624976642103162E+00  4.98782049196913047E+00
  3.76902076901479588E-01  2.01512988197325837E+00  3.07014513262446709E+00  4.75311402278681516E+00
  4.23649157779161234E-01  2.50195161148623235E+00  2.69658335113935621E+00  3.22425608479358194E+00
  5.69669339224686877E-01  2.62952171582521643E+00  4.46390794835095850E+00  4.22177681588180587E+00
  4.49792344455842874E-01  6.74806183614207278E+00  3.41292704945690373E+00  6.13323752742426453E+00
  2.14322779410510394E-01  2.32360882676005165E+00  7.74158924478529409E-01  5.74870653344972204E+00
  4.23649157779161234E-01  6.23692744099605090E+00  4.93426774895698372E+00  5.94048793615646797E+00
  4.84429066430730915E-01  3.80721161295751553E+00  1.43267923338797520E+00  3.00345010578020877E-01
  4.97655099191040562E-01  3.73261126565849377E+00  3.23253667387147603E+00  4.54696476275640649E+00
  4.80063103612331954E-01  4.93307042545369345E+00  8.46790222270152104E-01  1.74930064446881195E+00
  3.86818426119931114E-01  3.30371763663357809E+00  1.80772123191034173E+00  1.76750653252739220E+00
  2.78555296554233556E-01  1.52875229062066786E+00  4.03050443096335087E+00  5.09126323880539111E+00
  4.14741582532007880E-01  3.29243997169135660E+00  4.38389179180956712E-01  2.13900170368133624E+00
  4.49792344455842874E-01  4.93729965212234223E-01  5.90814322243761403E+00  4.02522106586833672E+00
  4.80063103612331954E-01  1.49751882691323868E+00  3.12525635780348798E+00  1.48699842653895220E+00
  4.36799992478945909E-01  6.73276139608933200E+00  4.74176520371031707E+00  2.94361678290201523E+00
  5.34458872568623455E-01  2.45189018687890337E-01  1.32079824708535587E+00  5.07512658562737085E-01
  5.15720700463495496E-01  2.28174715293500707E+00  1.71262685691659478E-01  5.33898351102956781E+00
  4.36799992478945909E-01  4.32720776334504187E+00  4.76667601798746876E+00  3.75479499937784755E+00
  4.41142703402056136E-01  3.43386717471264369E+00  4.58882108085955043E+00  4.95141290809043788E+00
  3.81909890374632355E-01  2.82541372135286473E+00  3.72509064878604779E+00  5.74854960234311640E+00
  3.08607932839089050E-01  3.38141127340972725E+00  6.75055831011464136E+00  5.84204149420253760E+00
