4
   512  6.74583465092781420E+00  6.74583465092781420E+00  6.74583465092781420E+00
        0.00000000000000000E+00  0.00000000000000000E+00  0.00000000000000000E+00
  5.29698296771959232E-01  2.71596616620794729E+00  5.82696996790657806E+00  5.71395688815885450E+00
  3.16615288597822842E-01  4.72045798296961860E-01  2.62180154769098150E+00  6.67079779209346579E+00
  4.84429066430730915E-01  2.42262631381434135E+00  6.28848207879072874E+00  6.56699247503026751E+00
  4.36799992478945909E-01  2.35291137750115009E+00  5.74226662752803119E+00  1.17192910963799046E+00
  3.16615288597822842E-01  5.77991761162067785E+00  5.99102928959225700E+00  3.42781592596170537E+00
  5.34458872568623455E-01  2.73847664510759481E+00  4.11845840899220850E+00  5.30448671733025279E+00
  3.49822487141294602E-01  2.57337101010726199E+00  6.27756166208783206E+00  6.41059700361359175E-01
  5.69669339224686877E-01  1.81594722943964171E+00  3.88090346831004984E+00  3.41923623118445041E+00
  4.05674446517406473E-01  1.55313717907015336E+00  5.48366753633213211E+00  1.12606516423669256E+00
  4.71376829571238165E-01  6.29336293178040140E+00  1.58059894840573034E+00  3.94949813705080244E+00
  3.08607932839089050E-01  3.47759904146606136E+00  5.37388201818926436E+00  5.61162527438522929E+00
  5.24991069551568490E-01  6.33446423276875503E+00  3.48080151675331395E+00  1.71867428949282108E+00
  4.62733810730875383E-01  7.70976896156146951E-01  5.15806777054881138E+00  5.92606790663537542E+00
  3.61137627255947724E-01  5.60343383307110887E+00  3.20021812887150192E+00  5.27338776986157143E+00
  2.46370760027530694E-01  4.90084997975815284E+00  6.73574853379957172E+00  1.42538217746513540E+00
  2.99785386141821708E-01  4.18458422960623633E+00  4.64259385461022056E+00  2.62115055388999751E+00
  2.14322779410510394E-01  6.07212397698489426E+00  2.52540496158684080E+00  6.12920071879062434E+00
  5.24991069551568490E-01  3.67192457855700649E+00  5.86659364807590289E-01  5.56432698908777024E+00
  4.88813983084759374E-01  3.35991784940011984E+00  4.88446940447512468E+00  2.87812148908103915E-01
  5.24991069551568490E-01  4.20875024329857883E+00  6.19997280807188478E+00  2.57676687452517372E+00
  5.11150069422808828E-01  2.12756439419388876E-01  3.51975960882429550E+00  4.16740668251038660E+00
  4.75713279310277237E-01  2.18179458446208097E+00  6.73907795814966892E+00  4.45394080026179839E+00
  5.64404144318620404E-01  2.36579242181566229E+00  2.74848532459326789E+00  9.07628338021492453E-01
  2.14322779410510394E-01  3.17733152473161651E+00  2.68275834656877521E+00  6.11954752254039835E+00
  2.78555296554233556E-01  1.12124421450761846E+00  2.14668969400398923E+00  3.15450436459081951E+00
  4.49792344455842874E-01  5.01081936652819082E-01  1.78117401388009444E+00  1.40537484658282619E+00
  3.91639445074813297E-01  4.27412678316746952E-01  2.62617933869007780E+00  5.96406689362269127E+00
  3.24058750641704252E-01  2.51094714379878470E+00  4.28123690926691935E+00  1.71355249967339907E+00
  3.61137627255947724E-01  6.36281184960797219E+00  2.91943072825439165E+00  2.95710152551783256E+00
  4.41142703402056136E-01  6.02136500400295027E+00  4.23682921496885800E+00  4.10690310508370970E+00
  3.76902076901479588E-01  4.11480889929618066E+00  2.87887840421754504E+00  4.27075623471739618E+00
  5.34458872568623455E-01  3.64923425834629178E+00  5.59476495905712756E+00  3.91019401879080197E+00
  4.45471777578522854E-01  4.12727412555187279E+00  6.66853708957589753E+00  3.59638078458638555E+00
  3.24058750641704252E-01  3.01257365763706453E+00  3.45493771388465865E+00  1.18553754287751079E+00
  3.81909890374632355E-01  2.42004759310120265E+00  2.36182029219359713E+00  2.22831467537788308E+00
  3.86818426119931114E-01  6.57324269013287932E+00  5.09245488243253508E+00  6.21665075692459990E+00
  4.54107542322554236E-01  3.28043300793925052E+00  1.05123556999944912E+00  1.75882165434306059E+00
  4.41142703402056136E-01  5.11944320513359674E+00  1.34121965514598185E+00  5.57714270212182761E+00
  3.71781505092813103E-01  6.53011456879428920E+00  3.01601620802205206E+00  6.08810325668678143E+00
  2.99785386141821708E-01  1.27265364242975854E+00  1.16285815224682593E-01  6.72354695367475674E+00
  3.76902076901479588E-01  1.25667344174927420E+00  5.44278512111957991E+00  4.36911597140124108E+00
  4.28056431560671025E-01  5.16475923485003641E+00  4.59234119793120765E+00  1.48416662558291823E+00
  5.86062212635089952E-01  6.25087663716587549E+00  4.80761754102605288E+00  3.63269477914460404E-01
  4.45471777578522854E-01  3.11069267142593953E+00  1.81341404844916720E+00  2.20528412929088136E+00
  3.71781505092813103E-01  5.02625427637817079E+00  3.64023325158850364E+00  5.36351562384399383E+00
  3.61137627255947724E-01  5.03495834298339773E-01  5.92170482616059690E+00  6.08556127236535094E+00
  3.76902076901479588E-01  4.61192353320392190E+00  1.29268389755899604E+00  4.02376479248491847E+00
  3.08607932839089050E-01  1.23051974106795936E+00  4.84749139969830622E+00  1.08975925759502945E+00
  5.69669339224686877E-01  1.58304213568643171E+00  4.32782280500702488E+00  2.39744112435604961E+00
  5.49108239936929698E-01  2.88185043787232642E+00  1.47173970401584397E+00  6.72737288708700376E+00
  5.59225941233592594E-01  4.16470060816900786E-02  1.35755284968479661E+00  5.60922275268061910E+00
  3.30997587999695309E-01  5.57122791686000607E+00  4.40631360935089500E+00  6.64249250987622375E+00
  5.49108239936929698E-01  4.98965643870439379E+00  6.05151390850404525E+00  4.97348354114955163E-02
  4.71376829571238165E-01  6.31866565580334960E+00  5.98986549424562753E+00  1.20183793850987275E+00
  5.15720700463495496E-01  5.88934191905839022E+00  2.13869641529107168E+00  7.45808072075419326E-01
  4.71376829571238165E-01  3.53831566197292435E+00  5.61532499769310256E+00  6.43770770658300240E+00
  3.55575626152149271E-01  2.83477253124165074E+00  5.70819741899391175E+00  3.57164426017240810E+00
  5.39277054206551698E-01  3.18721595534661262E+00  1.47646795916983797E+00  3.97757516295624125E+00
  2.89926324498661514E-01  4.86444778006289003E+00  4.58376642870668327E+00  4.69750438770455414E+00
  2.78555296554233556E-01  5.92346816812234156E+00  1.55765164251283061E+00  6.66582627696955665E+00
  5.75027356379647192E-01  5.89120249729801415E+00  1.49954259871465312E+00  4.92152064403867850E+00
  4.58420388086688613E-01  6.07494405907086854E+00  4.41575269289900163E+00  2.05505012261435338E+00
  4.71376829571238165E-01  5.29885726985841110E+00  3.76005110103406581E+00  3.80024985678532179E+00
  5.91749286368603356E-01  5.21291082622627133E+00  2.65371572885124163E+00  1.45314604136442860E+00
  3.66532661804007787E-01  1.20322136854559170E+00  7.06083108486122102E-01  2.79062400479795247E-01
  5.02120514290034237E-01  5.72960386294334167E+00  1.11967579399869321E+00  2.42235149575922160E+00
  2.64730453937343402E-01  3.04259496183441858E+00  4.43948847951065506E+00  4.62952727886971172E+00
  4.62733810730875383E-01  2.75025997142165968E-01  6.40973061801075872E+00  5.30894487119795322E+00
  3.66532661804007787E-01  8.54237285508691269E-01  5.08814084328276461E+00  3.85515568067119441E+00
  2.89926324498661514E-01  4.57696956105515085E+00  3.12132910608508340E-01  3.03661125171061363E-01
  5.80490670513443274E-01  3.09298501937513270E+00  4.14304732904359430E+00  3.53350933992616456E+00
  5.54129086970597151E-01  5.75351128733575301E+00  6.46416483897510741E+00  5.97686425327627013E+00
  5.75027356379647192E-01  4.25231827841394328E+00  3.64276539676477196E+00  5.90650219723922376E+00
  5.06617780002852514E-01  1.24902579091887378E+00  1.25408042805189313E+00  5.65658168029201835E+00
  3.24058750641704252E-01  5.48085844280325407E+00  5.22364247876819032E+00  5.64483825404247863E+00
  5.20333150277951795E-01  5.34201447442655208E+00  3.11241682863974078E-01  2.63048890214117384E-02
  3.30997587999695309E-01  6.44216396946452008E+00  5.93137305090420419E+00  6.12949379563630625E+00
  5.86062212635089952E-01  6.25765527152840928E+00  1.74726505589417358E+00  1.70709198642605986E+00
  5.59225941233592594E-01  2.89408439474512802E+00  4.90813565134127927E+00  1.22452731674230475E+00
  3.61137627255947724E-01  3.57649613011040657E+00  1.46712146394824217E+00  5.53720907879164859E+00
  2.46370760027530694E-01  1.54578528782947666E+00  4.12597622073652293E+00  4.51199270949802322E+00
  5.49108239936929698E-01  6.51377391794057514E-01  1.23919030687851062E+00  6.52529811253755909E+00
  5.80490670513443274E-01  1.57679897927984602E+00  3.30131998629609447E+00  4.38201952463073141E+00
  3.96383251075161813E-01  1.60629798029675985E+00  4.33246262058198806E+00  7.89260026952767757E-01
  4.36799992478945909E-01  6.71274420559557417E+00  8.58296189220166483E-01  4.75228276909494163E+00
  3.86818426119931114E-01  2.00606852494363386E+00  7.88679988121278597E-01  5.57048219183782845E+00
  2.89926324498661514E-01  2.29882951199412533E+00  5.22936884427209847E+00  3.53294548700970257E+00
  5.29698296771959232E-01  1.02134337909991046E+00  5.10364367848514444E+00  1.85982211618950899E+00
  4.93220738472549158E-01  1.73048250885396793E+00  1.16634040495684510E+00  6.52748482812944619E+00
  4.45471777578522854E-01  5.98787519480635799E-01  1.20155205475064220E+00  2.17044080092400637E+00
  4.84429066430730915E-01  1.46025845496718432E-01  9.18612958922942813E-01  1.40996509143915594E+00
  5.20333150277951795E-01  1.59870343314860386E-01  3.58877100414536265E+00  3.14006905917792389E+00
  3.08607932839089050E-01  1.36929007290050886E+00  5.15983948303285445E+00  5.43962930508452835E+00
  4.23649157779161234E-01  2.27330296746158567E+00  1.16245702499278680E+00  3.81729300776479930E+00
  4.84429066430730915E-01  3.32407690600541716E+00  6.32513289160076031E+00  3.27892901280967042E+00
  3.43844632468353784E-01  1.12171731865649993E+00  2.86389791787053394E+00  6.01157088517037241E+00
  3.24058750641704252E-01  5.93031455266795593E+00  1.91225889095897594E+00  2.53943127726798368E+00
  4.80063103612331954E-01  5.88524341740444346E+00  4.67055970392540598E-01  4.70515208073152102E+00
  3.16615288597822842E-01  1.90955614388095896E+00  2.76251532818457646E+00  5.94231030647471492E+00
  4.32438693220842718E-01  3.96225302929638890E+00  3.11650557841126385E+00  5.02921486232810544E+00
  5.06617780002852514E-01  4.73846074360367631E+00  1.08156061919063129E+00  2.23967341476675230E+00
  4.41142703402056136E-01  1.15780624835633827E+00  4.21655324621582039E+00  1.48744842549667777E+00
  4.36799992478945909E-01  8.83532154602066022E-01  4.16678969679307354E+00  5.87587859356052711E+00
  3.37575933792008509E-01  5.42195356008954032E+00  2.01941381373290119E+00  2.12208079652849646E+00
  5.91749286368603356E-01  5.84321458633853208E+00  3.69853019483045298E+00  2.78587950776521520E+00
  4.23649157779161234E-01  5.35145573739751956E+00  6.53050802203885716E+00  4.96205817307102315E+00
  2.14322779410510394E-01  5.19747741917346406E+00  5.31222208417554498E+00  1.87367642988641570E+00
  4.75713279310277237E-01  5.80346041490608311E-01  6.10147334202683922E+00  4.47702255670451432E+00
  5.11150069422808828E-01  1.06640329740593520E+00  5.91160116844083205E+00  3.64018802499871041E+00
  4.80063103612331954E-01  5.92423212295337009E+00  2.66419452601106244E+00  2.25467040362273119E+00
  2.89926324498661514E-01  3.98895953790935298E+00  5.95691919703745931E+00  2.24917081411554420E-01
  5.29698296771959232E-01  5.19881895304999997E+00  1.53380161216984634E+00  1.43034244020185852E+00
  2.78555296554233556E-01  1.60470052737022373E+00  1.00312301928253111E+00  4.98423231718411763E+00
  3.55575626152149271E-01  3.49745203447498643E+00  3.65786228884141051E+00  5.36314143642579566E+00
  4.58420388086688613E-01  2.28509161924520976E+00  2.43866087717991142E+00  4.89700156100215800E+00
  5.64404144318620404E-01  2.93905556129344925E+00  6.00823818958961642E+00  4.65845516507438617E+00
  3.30997587999695309E-01  5.69433853992822980E-01  1.98049764451175370E+00  2.46139131678206002E-01
  2.46370760027530694E-01  1.46120576354134402E+00  1.42391229274174691E-02  2.72949882346408046E+00
  3.71781505092813103E-01  8.94014241945089161E-01  6.53917145483375783E+00  6.02985701966983267E+00
  2.64730453937343402E-01  4.66790252438996234E+00  3.32696389198585907E+00  1.52611140580889582E+00
  4.10231171689561747E-01  4.47889994057445406E+00  3.83091648796181561E+00  1.10049267302370479E+00
  4.54107542322554236E-01  3.15345227064068023E+00  9.58083757918977041E-01  4.82363284044112195E+00
  4.10231171689561747E-01  2.90433214598413203E+00  1.93871176880145946E+00  9.58481786578388673E-01
  5.20333150277951795E-01  3.72320810045691974E+00  5.54658936936979696E+00  9.56691005561030150E-01
  5.02120514290034237E-01  2.81305652542940532E+00  1.11990960342979262E+00  5.73985314229875598E+00
  5.34458872568623455E-01  3.75514939709206219E+00  4.60254059172534991E+00  4.30274928162016046E+00
  3.66532661804007787E-01  2.25500607038268397E+00  4.84972431384146851E+00  5.51217469676495586E+00
  4.32438693220842718E-01  4.64607402375376388E+00  2.02057693729976284E+00  2.15002538217078376E+00
  5.49108239936929698E-01  2.97998702294807893E+00  4.84501825615684556E+00  6.06982806372666861E+00
  3.08607932839089050E-01  5.64081584858556617E+00  2.81238307995163472E+00  4.07144086910618341E+00
  5.44158343748334383E-01  3.35546861797351736E+00  1.48296289872117848E-01  1.24135293207344444E+00
  4.97655099191040562E-01  4.68025833566629146E+00  5.90254850527937158E+00  5.02301120088062092E+00
  5.39277054206551698E-01  2.59962139104613010E+00  2.26899764016120864E+00  5.83175327113651587E+00
  4.45471777578522854E-01  2.15872441453046537E+00  1.67387721137881429E+00  6.33650556074950466E-01
  3.37575933792008509E-01  3.11448084845749174E+00  6.01769846003977005E+00  2.02696606192847373E+00
  3.08607932839089050E-01  2.26292587459353056E+00  2.95470802449093828E+00  5.46412050762416612E+00
  5.86062212635089952E-01  5.29680877944951600E+00  1.33378528867603707E-01  2.19080287213331681E+00
  5.91749286368603356E-01  4.44512207941478543E+00  5.28865201026057186E+00  3.17692160754392106E+00
  5.80490670513443274E-01  5.25495353038878488E+00  2.33697790214322509E+00  5.40279470142978457E+00
  2.46370760027530694E-01  6.61379213309830583E+00  2.63899166710294075E+00  2.48067574589603801E+00
  2.64730453937343402E-01  2.33917307083683745E+00  4.49523105898935516E+00  3.67894195367465260E+00
  3.66532661804007787E-01  2.85161967418283924E+00  5.01423002803602813E+00  3.25308028629078372E+00
  4.28056431560671025E-01  9.60742450359278188E-01  2.15154120716274155E+00  6.36471693345947731E+00
  5.64404144318620404E-01  3.34338335704024869E+00  7.73805744458991029E-02  2.35685659014228088E+00
  3.81909890374632355E-01  1.09100095846245160E+00  6.70621585990947811E+00  3.23424801644689452E+00
  4.14741582532007880E-01  6.58337518653410836E+00  8.67906577753001923E-02  1.26608473402013444E+00
  4.71376829571238165E-01  1.68698995463239965E-01  5.53683493893664291E+00  2.52160726846589611E+00
  5.29698296771959232E-01  4.26262584014007651E+00  2.73235664790046684E-01  1.80083630921572468E+00
  4.01058911976384491E-01  7.25750912937283776E-01  6.42702420775620809E+00  2.95433849232349388E-02
  5.15720700463495496E-01  3.09181541100338864E+00  2.62894719285702472E+00  1.69709189433246510E+00
  4.01058911976384491E-01  2.09536645266639976E+00  1.98007204283583649E+00  6.57070755398382200E+00
  4.71376829571238165E-01  6.50470142702104148E+00  2.10559765605737237E+00  3.05422487848800328E+00
  3.91639445074813297E-01  2.30529044438739478E-01  5.69472919745046369E+00  1.67578950663756654E+00
  4.71376829571238165E-01  3.15705736850298513E-01  4.44796192157590831E+00  3.87112239462371832E+00
  2.46370760027530694E-01  5.47186523826784121E+00  4.81325984745153423E+00  8.55018814913804936E-01
  4.54107542322554236E-01  4.77426604523762776E+00  4.35432341882938356E+00  6.62985072186571234E+00
  4.05674446517406473E-01  5.91345772358288269E+00  1.65481661285877824E+00  5.88961511600729359E+00
  4.19212477446155474E-01  1.17154128146347708E-01  4.66958215392391462E+00  5.59233284992325697E+00
  3.55575626152149271E-01  2.11773154881363546E+00  3.36548503234767615E+00  6.15189016137435107E+00
  3.43844632468353784E-01  2.26010023241991043E+00  4.84213117259677706E+00  4.80315802537482828E+00
  3.76902076901479588E-01  2.46869286556739720E+00  6.41930733441591972E+00  3.26769488235237793E+00
  2.64730453937343402E-01  4.06952742923108124E-01  1.62476111997826855E-01  3.20291757232964214E+00
  4.75713279310277237E-01  5.29185995831319977E-01  3.55749122798101158E+00  1.38828081967460926E+00
  4.23649157779161234E-01  5.05035166733117524E+00  5.79560568763305639E+00  5.85947704377765266E+00
  5.34458872568623455E-01  4.09997307221917406E+00  2.03829073250836101E+00  3.92105081504894981E+00
  5.91749286368603356E-01  1.84320468762475875E+00  1.74376031072407089E+00  2.88385881920203069E+00
  5.20333150277951795E-01  3.28378631629852036E+00  3.68352302092966832E+00  4.51456069436583185E+00
  5.02120514290034237E-01  4.27983449523378567E+00  5.29217509254766050E+00  5.76313581031540068E+00
  3.49822487141294602E-01  2.36507255829696073E+00  1.06403439908407102E-01  9.80635235512045011E-01
  3.08607932839089050E-01  2.86785920400831129E+00  6.15479356692375390E+00  2.65315883668186503E+00
  3.71781505092813103E-01  3.92902875782048655E+00  1.63853317046337943E+00  2.08792459314985868E+00
  3.96383251075161813E-01  3.52074931942424563E+00  1.85730868675238203E+00  1.47173434697857020E+00
  3.86818426119931114E-01  4.63687675522770881E+00  6.48550207469325546E+00  6.01400850318589608E+00
  5.15720700463495496E-01  6.09685320434285849E+00  4.95713325696066498E+00  5.14049293041676236E+00
  4.19212477446155474E-01  4.43676118101226624E+00  3.58888223265581230E+00  3.08574666098631489E-01
  3.71781505092813103E-01  2.85910038281999790E-01  4.45851424432428445E+00  6.33574584717721390E+00
  4.10231171689561747E-01  6.60712210479314521E+00  1.38108531401396695E+00  2.56489358454570127E+00
  3.55575626152149271E-01  4.60191632133041839E+00  4.38015406221994752E+00  4.14422220004596209E+00
  5.86062212635089952E-01  3.80601121938661402E+00  1.96192856679331928E+00  5.37655110366048183E-01
  4.97655099191040562E-01  1.02064784743635517E+00  6.08016651512722017E+00  1.54372843535723181E+00
  2.89926324498661514E-01  5.48731581499454446E+00  4.37741554211567330E+00  5.30760349599551096E-01
  5.75027356379647192E-01  4.58720897280090800E-01  2.93943915634545583E+00  5.05074784615607442E+00
  4.32438693220842718E-01  4.70747012864442116E+00  6.16865565106232427E+00  1.76063716158237282E+00
  4.93220738472549158E-01  8.44249645348983835E-01  2.65122747363285116E+00  1.51657917276135068E+00
  4.41142703402056136E-01  8.35368974367297512E-01  2.08776102174081579E+00  5.47782229260054176E+00
  4.49792344455842874E-01  6.70163705524989695E+00  6.51277812639658649E+00  2.81510147226302632E+00
  4.19212477446155474E-01  5.81123482637328514E+00  4.64515506691962710E+00  5.97370610053063622E+00
  2.99785386141821708E-01  5.00264914259116722E+00  3.10014485664167427E+00  5.76147170736402714E+00
  4.05674446517406473E-01  2.15768676907272372E+00  4.72596030655184851E+00  3.07637348414181622E+00
  2.78555296554233556E-01  2.80106735828457243E+00  3.73331611275209108E+00  6.01989007037155854E+00
  3.49822487141294602E-01  3.34882593184666710E+00  4.03608014565094209E+00  5.93926018990036564E+00
  5.75027356379647192E-01  2.80006727957266843E+00  3.33689360913303501E+00  3.61826244433553212E-02
  5.24991069551568490E-01  2.79400298116024004E+00  5.01580886752506050E+00  4.14236920881204096E+00
  4.14741582532007880E-01  6.09950219526899495E+00  3.92952859334816273E-01  5.66161601390567482E-01
  5.24991069551568490E-01  2.05712123127136337E+00  5.88940217914833752E+00  3.94191184805084793E+00
  3.61137627255947724E-01  3.88541434766525384E+00  3.77299877645560500E+00  2.91144106750289877E+00
  5.20333150277951795E-01  1.44614672298397684E+00  5.29347797460118219E+00  2.90747845283395723E+00
  4.45471777578522854E-01  5.88040922096913032E+00  6.18365815011155728E+00  2.67815338649808909E+00
  4.75713279310277237E-01  1.80459420532320447E+00  6.65462102632640562E+00  1.55346630298083443E+00
  4.01058911976384491E-01  6.69751589337497499E+00  4.98309588273241300E+00  1.88504025424425325E+00
  4.67051022334941945E-01  6.71417332084291107E+00  4.31300011233789604E+00  1.33527606823001155E+00
  2.78555296554233556E-01  5.71835465777493734E+00  5.39892134862328454E-01  6.10606522793160966E+00
  5.44158343748334383E-01  4.96319297370864199E+00  4.53827911235405246E+00  5.52418942327716866E+00
  4.93220738472549158E-01  6.43203349561557580E+00  5.78173318044693030E+00  4.66677090717522969E+00
  3.49822487141294602E-01  3.59618298738787523E+00  4.90545416204889673E+00  3.35938144019252194E+00
  5.20333150277951795E-01  4.58614425162532680E+00  1.12791694405563003E+00  3.14309068244622236E-01
  4.10231171689561747E-01  5.20251130404950768E+00  3.81935996046722437E+00  6.10390140980681739E+00
  5.39277054206551698E-01  1.04860207517389448E-01  5.72795702895094028E+00  1.23149841891848008E-01
  4.28056431560671025E-01  1.65536369960660035E+00  2.06655321546259119E+00  5.87360319770030515E+00
  5.69669339224686877E-01  5.04800528881374166E+00  6.44691282803443766E+00  3.23193200274536485E+00
  5.75027356379647192E-01  1.77075965478879915E+00  8.13487680117741752E-01  1.02142853105784459E+00
  5.20333150277951795E-01  2.26888615426899332E+00  6.68408868912379894E+00  2.43407622392925616E+00
  5.64404144318620404E-01  3.51409666098671503E+00  6.67873944564916333E-01  3.30323402637153718E+00
  4.19212477446155474E-01  1.97169014267655185E+00  3.30785725496663563E+00  2.63026372070111369E+00
  4.01058911976384491E-01  5.33746623136734755E+00  2.82136771067957159E+00  4.82864025218783410E-01
  4.58420388086688613E-01  3.92433720371304506E+00  4.55453624085383524E+00  6.26333362965644902E+00
  4.93220738472549158E-01  2.87757809544209708E+00  2.52127859683781708E-01  3.27474361163567984E-01
  5.91749286368603356E-01  5.14526741248217778E+00  4.61035445042285819E+00  2.50283942339079335E+00
  5.80490670513443274E-01  3.23688628388472077E+00  2.58448676902071162E+00  4.50992240897799856E+00
  3.30997587999695309E-01  2.70699478339315647E+00  3.13074275503284394E+00  5.88938634301026376E+00
  4.36799992478945909E-01  3.79314155963535349E-01  6.26354497584246594E+00  8.91011876054382146E-01
  3.91639445074813297E-01  6.31401204827622120E+00  5.63272230302578070E+00  3.13314205170580484E+00
  5.86062212635089952E-01  3.08151233327043306E-01  1.87173932802604992E+00  4.62313491569918877E+00
  2.89926324498661514E-01  4.84574615816783272E+00  4.65864138247731541E-01  3.56983336067387658E+00
  3.76902076901479588E-01  5.14015792758574452E+00  7.22767059909877108E-01  2.93941541944881735E+00
  5.54129086970597151E-01  1.83083262834099325E+00  5.32997255287265381E-01  3.21421072559134746E+00
  3.71781505092813103E-01  5.83945145734031712E+00  1.59710339706842430E+00  3.15306477458137602E+00
  4.49792344455842874E-01  5.36183169691422368E+00  4.91738667587973299E-01  5.47263993404523053E+00
  3.81909890374632355E-01  5.77481116703811459E+00  2.95519734534690182E+00  3.40973202708943157E+00
  4.62733810730875383E-01  3.20723639329871801E-02  5.54429656552307293E+00  5.52550232780886486E+00
  3.49822487141294602E-01  5.84594143498566421E+00  6.33806883465566528E+00  1.21667583104166463E-01
  5.06617780002852514E-01  7.60206011831900841E-01  2.67461678961378224E+00  4.03712581596776499E+00
  3.61137627255947724E-01  4.77311734131283405E+00  1.54456848877538877E+00  6.29109823166065674E+00
  5.54129086970597151E-01  6.22451312274281077E-01  2.59800747779977803E-01  3.98679296236043745E+00
  3.86818426119931114E-01  6.18552396813032512E+00  3.54188273020868394E+00  3.68845694873512731E+00
  5.34458872568623455E-01  5.54455270837662439E+00  5.17571106955015647E+00  3.39008809946186274E+00
  5.06617780002852514E-01  3.93872215539669623E+00  6.37240449700087197E+00  4.53656863056252213E+00
  4.62733810730875383E-01  2.51847611843405961E+00  5.05238792642568768E-01  1.67146683032367327E+00
  4.84429066430730915E-01  1.47152676160474649E+00  2.72817779834385510E+00  5.27320667344506067E+00
  4.36799992478945909E-01  9.09955853243570867E-02  7.83391096546815602E-01  3.12085049614024701E+00
  5.54129086970597151E-01  6.28673077637134980E+00  3.91301185415367270E+00  6.40334348802912778E+00
  3.66532661804007787E-01  3.05401575001141901E-01  2.01933578591343643E+00  3.68261846165769757E+00
  4.41142703402056136E-01  3.80874352626571122E+00  6.14953093167865106E+00  1.69974995493410197E+00
  5.02120514290034237E-01  6.03459536373759775E+00  3.34278309823026465E+00  4.54056653069953775E+00
  5.06617780002852514E-01  9.52076496265860883E-01  6.12104166288747642E+00  2.54462052201525379E+00
  4.62733810730875383E-01  5.40615138103295223E+00  4.04645118854060648E+00  4.74176956908742753E+00
  5.49108239936929698E-01  4.60155982536248409E+00  6.73652183404949589E-01  6.09324580336106170E+00
  5.06617780002852514E-01  4.52080779755804762E+00  1.35555245938326546E-01  5.19040744268287124E+00
  5.15720700463495496E-01  4.36264604863018590E+00  3.96089541242615439E+00  4.86930371217828561E+00
  4.10231171689561747E-01  5.30221745306233494E+00  4.68885877976035914E+00  4.16129268618043380E+00
  2.99785386141821708E-01  2.75631995328126589E+00  5.56473065448952120E+00  1.76046244384296480E+00
  4.23649157779161234E-01  5.44704444190071424E+00  1.14906655504078636E+00  6.35264438063144610E+00
  5.75027356379647192E-01  4.98348062832846228E+00  3.11306738607344746E+00  4.57933202455912447E+00
  3.43844632468353784E-01  6.27478616914345588E-01  5.31083330172783441E+00  3.22017722758188452E+00
  4.05674446517406473E-01  1.11605460267261702E+00  2.65759316547155855E+00  2.37326520109240668E+00
  3.49822487141294602E-01  5.99146592989597249E+00  9.29381961968237302E-01  5.69596173595374378E+00
  5.59225941233592594E-01  4.12549542029817928E+00  2.83288469150532585E+00  1.90906012627797406E+00
  3.30997587999695309E-01  1.20664583308420625E+00  3.61002450547484255E+00  1.79390523568443899E-01
  3.24058750641704252E-01  1.03379057640887306E+00  5.58476394076119576E+00  6.53230041121063465E+00
  5.91749286368603356E-01  4.30098779364344086E+00  5.25684188683403697E+00  1.98608659778396013E+00
  4.14741582532007880E-01  1.31872328849770315E+00  1.72738446759244857E+00  4.87079399828610526E+00
  5.02120514290034237E-01  4.31581379930334563E+00  2.86550378618659307E+00  8.65826546077194559E-01
  5.80490670513443274E-01  4.55983391096980162E-01  4.16138353724308629E+00  2.24889338563891128E+00
  4.54107542322554236E-01  1.46706010616080240E+00  4.76210623998365712E+00  4.79629582289352108E+00
  3.96383251075161813E-01  5.67756550101687907E+00  9.61648379157331590E-02  3.93904086237498463E+00
  4.14741582532007880E-01  3.20025732545816721E+00  4.05348948742040172E+00  1.57598378357201274E+00
  5.54129086970597151E-01  5.45946753061563328E+00  1.01392505986352455E+00  3.76339582195633415E+00
  3.24058750641704252E-01  6.09343988251380164E+00  2.81210518886214755E+00  1.22400570058783531E+00
  2.78555296554233556E-01  3.76584853247165796E+00  2.45011743107026536E+00  1.25221981971636498E+00
  4.67051022334941945E-01  2.21482109967663554E+00  4.18210357153780521E+00  6.15521230909178296E+00
  4.54107542322554236E-01  6.60379291469567331E+00  2.74474328427442238E+00  3.71590188893003637E+00
  3.37575933792008509E-01  2.99295702196617963E+00  4.22381265908743586E+00  6.70118915547001492E+00
  5.54129086970597151E-01  3.84266201098485949E+00  2.92074685685471058E+00  6.66977487138653302E+00
  4.62733810730875383E-01  9.97367488001393521E-01  4.48159991230442589E+00  3.23356097596885528E+00
  2.46370760027530694E-01  1.01235473661419118E+00  2.07480154327524158E+00  2.64622505537681985E+00
  4.67051022334941945E-01  4.35983413610812143E+00  2.32793085812971956E+00  4.86023379305601555E+00
  4.88813983084759374E-01  5.44138608659422918E+00  3.66237505950775599E+00  2.13581801395020199E-01
  4.97655099191040562E-01  4.88277540692194201E+00  2.05649744938535939E+00  6.05030251688933540E-01
  4.58420388086688613E-01  2.49589399167766635E+00  2.62977412470731187E+00  3.02035386660848104E+00
  3.91639445074813297E-01  5.86590946502220145E+00  4.20634017246438408E+00  1.25827908132201460E+00
  3.96383251075161813E-01  4.93076770269590980E+00  4.48181318483523494E+00  3.47597595322754715E+00
  4.01058911976384491E-01  6.35212729618223371E+00  3.27476053527973399E+00  5.38283066177788072E+00
  5.39277054206551698E-01  4.32940823151912557E+00  5.19758318785532847E+00  1.61336931120833416E-01
  5.49108239936929698E-01  8.45527870875229959E-01  3.98327650689453483E+00  4.90811717105811862E+00
  4.19212477446155474E-01  3.74717856636145052E+00  3.49162656406964178E+00  1.29275176913399004E+00
  5.69669339224686877E-01  4.33508647445410311E+00  6.44405536923664446E+00  8.67375054579962779E-01
  4.14741582532007880E-01  1.34810132922921433E-01  3.83795590808979226E+00  5.64173811428100791E+00
  4.97655099191040562E-01  6.59418519994992369E+00  1.42151977211155600E+00  6.21186128607412624E-01
  4.84429066430730915E-01  5.03882066633760811E-02  5.36265804714350924E+00  3.81131456874716346E+00
  3.96383251075161813E-01  3.61158099398026877E+00  3.83972365667226478E+00  6.60927955527196609E+00
  3.71781505092813103E-01  4.09133663635336209E+00  4.39532100153458671E+00  3.23799180703273937E+00
  5.02120514290034237E-01  3.67881698721878481E+00  4.55279420078657182E+00  5.33525417469429453E+00
  5.15720700463495496E-01  4.20884913460577437E-02  6.69698519650012258E+00  6.22795838494389997E+00
  2.46370760027530694E-01  6.09169927602269379E+00  5.48279093559618591E+00  5.69197053246855500E+00
  4.19212477446155474E-01  3.84377193949799567E+00  9.21850348299270483E-01  2.41229745649325444E+00
  3.66532661804007787E-01  3.37024514568965250E+00  3.32174035709162085E+00  5.98924532440495216E+00
  4.67051022334941945E-01  4.87340724284744464E+00  3.02861259708670438E+00  6.52536892801798629E+00
  4.93220738472549158E-01  4.58263334802463529E+00  5.21005480751692573E+00  4.32122466429027341E+00
  4.14741582532007880E-01  4.35182112812071242E+00  1.15233022786333184E+00  5.25142928395436570E+00
  4.01058911976384491E-01  5.24399945472186069E+00  5.21035885741160421E+00  4.92228249286330577E+00
  4.23649157779161234E-01  1.93578748556804281E+00  3.75683709377282327E+00  3.07267054908989201E-01
  2.14322779410510394E-01  1.94774735596537396E+00  2.12192975194143685E+00  1.13511531220015849E+00
  5.80490670513443274E-01  2.67144362856255890E+00  9.70925637091447635E-01  2.59110198818079018E+00
  4.93220738472549158E-01  1.39726169466105055E+00  4.36263160891007296E+00  6.62513050989967134E+00
  4.88813983084759374E-01  5.49401318052318621E-01  2.65003195694056926E+00  3.06552608128735260E+00
  5.44158343748334383E-01  4.35347144805550923E-01  5.12721424818031313E+00  9.61063255883857104E-01
  4.93220738472549158E-01  7.25971264254706483E-01  3.49078811307928338E-01  2.54116544268653266E+00
  4.67051022334941945E-01  4.96014110679815801E+00  6.10378531519804035E-01  1.06719764244529247E+00
  4.32438693220842718E-01  3.38685016655627846E+00  3.23170800584922446E+00  3.20665068190912583E+00
  2.64730453937343402E-01  6.17621215882404861E+00  1.08720747680078267E+00  3.36456641502417142E+00
  5.34458872568623455E-01  1.76300843618774161E+00  3.69524390743194830E+00  5.40627545258627062E+00
  4.45471777578522854E-01  2.94238840472780794E+00  5.10161475346540438E+00  5.10302988786271250E+00
  3.81909890374632355E-01  4.98146233864465415E+00  5.09581703332900648E+00  6.26301654932146601E+00
  3.30997587999695309E-01  2.64718327111448204E+00  5.50473021596978906E+00  6.54995874998552274E+00
  4.36799992478945909E-01  3.30351474488917418E+00  6.17313386376265694E+00  3.68443417388798045E-01
  5.91749286368603356E-01  6.47671476951000180E+00  4.67114560916874666E+00  3.01317773381336362E+00
  3.76902076901479588E-01  6.36768508160989111E+00  5.97948390775345029E+00  2.04830627834582435E+00
  3.49822487141294602E-01  2.77203584161363770E+00  6.52037835063609794E+00  3.91999231340482579E+00
  5.24991069551568490E-01  1.52395146930584091E+00  3.41540378707178593E+00  1.09050638303158798E+00
  5.06617780002852514E-01  4.82734356418453814E+00  2.42736266912979559E-02  4.23269213472927852E+00
  3.96383251075161813E-01  1.54325671598785696E+00  6.64887280676292391E+00  3.86469113266314457E+00
  4.88813983084759374E-01  6.24642885875861920E-01  1.57759409899809655E+00  3.02382987087975730E+00
  3.86818426119931114E-01  1.48464461750566090E+00  1.72456172991537104E+00  1.13460510555045380E+00
  4.75713279310277237E-01  2.11066996389596184E+00  1.59367019218372108E+00  5.25338060457869194E+00
  5.69669339224686877E-01  3.32835112402317501E-01  4.38627094308946752E-01  4.91689194688616882E-01
  3.71781505092813103E-01  3.24861019861689604E+00  1.52239962262401107E-01  4.67194495904895302E+00
  3.24058750641704252E-01  8.49130091697318123E-01  2.14008159796138875E+00  8.15673881339408546E-01
  2.64730453937343402E-01  2.60899763611268831E+00  1.40386231568517550E+00  4.57551310183938131E+00
  4.97655099191040562E-01  1.25164482835956603E+00  1.85409130542842138E+00  1.97746325723581995E+00
  5.06617780002852514E-01  3.89255424062112132E+00  1.41387906347340597E+00  6.34294620643096252E+00
  5.11150069422808828E-01  1.54485784000622450E+00  7.36478347494318175E-01  4.21942463974832194E+00
  4.49792344455842874E-01  5.45234604748630058E+00  2.30588019749376771E+00  3.00251577541937920E+00
  3.43844632468353784E-01  4.81343529813184912E+00  1.65977747268175690E+00  4.92900619399274298E+00
  2.64730453937343402E-01  1.99238951494943728E+00  4.41254412307128785E+00  5.14032999620956943E+00
  3.66532661804007787E-01  6.44239081494901455E+00  6.43976173821916653E+00  5.05950589617741753E-01
  4.88813983084759374E-01  5.01184625078443879E+00  8.85533621456534137E-01  4.69597361263548674E+00
  5.75027356379647192E-01  1.24929020227352838E+00  1.72466561790486095E+00  3.88498207945517349E+00
  4.58420388086688613E-01  3.79190827540594011E+00  1.60573822335216776E+00  4.75938190695660257E+00
  5.29698296771959232E-01  2.56293344118205058E+00  4.93363236268502980E+00  2.26080230148104855E+00
  4.67051022334941945E-01  4.27637781287833452E+00  2.46161260040288843E+00  2.85331660789376063E+00
  5.44158343748334383E-01  3.94579386558838507E+00  6.71079243313784968E+00  6.60474196029727345E+00
  3.37575933792008509E-01  3.05309187411719263E+00  6.06448904594813065E+00  1.09326722219928385E+00
  4.41142703402056136E-01  3.74853504586985353E-01  1.21190432942067172E+00  3.84008923653980583E+00
  4.05674446517406473E-01  6.69549839405819558E+00  2.63090487266030637E+00  1.60222883887987444E+00
  4.19212477446155474E-01  4.41673633282653721E+00  1.86654503671786909E+00  5.67649074729948477E+00
  3.55575626152149271E-01  3.42523318479963468E+00  3.42111123343311618E-02  3.97677612940001701E+00
  4.75713279310277237E-01  5.93969888711447869E+00  5.30419452040649642E+00  2.34244924754542971E+00
  5.29698296771959232E-01  6.36319820852748741E+00  2.34702164403582225E+00  5.45044041316916150E+00
  4.54107542322554236E-01  8.42308693771602668E-01  1.00244945196574564E+00  4.82420424720964558E+00
  4.49792344455842874E-01  1.44120028091932162E+00  4.05408005027223517E-01  6.05302992283542451E+00
  5.15720700463495496E-01  3.70014668564148241E+00  1.67162428455436030E+00  2.95099600229952985E+00
  4.49792344455842874E-01  5.13198088162496546E+00  5.71793876853746141E+00  2.52439892365184404E+00
  5.86062212635089952E-01  3.75004929721261648E+00  6.22714434719142851E+00  5.60262426387055523E+00
  3.43844632468353784E-01  1.61700885705129949E+00  2.38101682693686456E+00  4.45708488805404723E+00
  5.54129086970597151E-01  2.64132719303952168E+00  1.05346984102133945E-01  5.36861240124772632E+00
  5.80490670513443274E-01  4.71144806308331943E-01  5.03302932743503106E+00  4.73098580498634380E+00
  4.19212477446155474E-01  1.97033833076261744E+00  1.62091345692612521E-01  2.98072377599705118E-01
  5.11150069422808828E-01  2.30233834678989702E+00  4.11621156295731083E+00  4.35476363667710586E+00
  5.59225941233592594E-01  3.40884643779042706E+00  5.47702690225708810E+00  2.67824771029453812E+00
  4.14741582532007880E-01  5.81855536429731490E+00  5.69346267251387328E+00  5.34349793315220034E-01
  3.30997587999695309E-01  6.11805848459533674E+00  6.60959093287609800E+00  1.80602299427673296E+00
  4.36799992478945909E-01  6.47136708385065251E+00  3.65387106604279976E-01  5.43140954334371884E+00
  4.67051022334941945E-01  5.69588148592218158E+00  3.09503191993160121E+00  6.08846781964836659E+00
  4.62733810730875383E-01  5.57738780334975104E+00  5.96148305754056640E+00  1.76753589172044290E+00
  4.45471777578522854E-01  2.82285518228439791E+00  5.48926715388901476E-01  4.09421299826553220E+00
  4.23649157779161234E-01  6.93268859607767851E-01  4.97030208862140022E+00  4.22033031371038952E-02
  3.16615288597822842E-01  1.17572095065120941E+00  5.91223845340872156E+00  6.00062059466406428E+00
  2.89926324498661514E-01  2.43145257813383475E+00  2.58266739217700980E+00  6.57946484560890443E+00
  3.81909890374632355E-01  1.41763606936891629E+00  3.57562881007591526E+00  6.24520904556277845E+00
  5.69669339224686877E-01  1.60950105008760791E+00  8.63277737129848344E-01  2.16403461588343804E+00
  3.24058750641704252E-01  1.82437425348704663E+00  2.58741054694324291E+00  2.53217062516207791E+00
  4.32438693220842718E-01  2.47534616908605720E+00  3.30753008370111035E+00  4.84854272537751729E+00
  4.10231171689561747E-01  4.43949133981824229E+00  2.67728526847190418E+00  5.84976949245191147E+00
  5.75027356379647192E-01  1.82940070136128274E+00  5.33833606594871934E+00  6.19396353216865592E+00
  5.29698296771959232E-01  3.61893050796285731E+00  2.35671510306110665E+00  5.52562630951762657E+00
  5.11150069422808828E-01  5.01530191120233226E+00  2.98587672679311922E+00  2.48366930876747594E+00
  4.67051022334941945E-01  1.77599826234916058E+00  2.62859704298041486E+00  1.74416681868100443E+00
  2.78555296554233556E-01  4.36055000790006897E+00  4.81277865302543173E+00  5.01692562118206187E+00
  4.05674446517406473E-01  2.96402168561774015E+00  2.38824028863007243E+00  2.35056612114374286E-01
  3.43844632468353784E-01  1.94965450262737017E+00  1.48157830354607301E+00  4.44724932723380650E+00
  4.58420388086688613E-01  4.38329652892203736E+00  3.83348478663822601E-01  2.84612272357104112E+00
  3.16615288597822842E-01  4.23497867494061531E+00  3.22983917090267392E+00  2.68256380471105960E+00
  3.16615288597822842E-01  4.85467878573453693E-01  3.19760537437294323E-01  4.84460547500802452E+00
  4.28056431560671025E-01  9.89623010051584928E-01  5.78589173984223581E+00  5.09373528628961902E-01
  4.88813983084759374E-01  3.48695022022782575E-01  2.12716726423004099E+00  2.26427953094340451E+00
  3.86818426119931114E-01  1.58837619329748558E+00  4.55181758324924690E+00  5.69597750364647482E+00
  5.59225941233592594E-01  5.65559923697310674E-01  4.12312053328099282E+00  5.22888673943940008E-01
  5.20333150277951795E-01  3.30951804335259814E+00  3.45304867774434765E+00  2.28399076376314758E+00
  5.54129086970597151E-01  4.74734633805058781E+00  1.60920114569075645E+00  3.15903576890533477E+00
  3.86818426119931114E-01  4.39494847027097446E+00  2.12113587831429040E+00  1.34615535668042674E+00
  4.23649157779161234E-01  1.71966603917377836E+00  6.23547333578871843E+00  3.05634644065841199E+00
  4.80063103612331954E-01  2.54853994567077535E+00  3.99696561135025386E+00  2.63609522192445533E+00
  4.41142703402056136E-01  1.34039985540641493E+00  1.81818146527989177E+00  3.25340104405594910E-01
  5.11150069422808828E-01  5.77898211360435976E+00  5.47931576283068456E+00  6.38150138530922195E+00
  5.59225941233592594E-01  1.92092331677820005E+00  5.65706584897938303E+00  4.99128969938561529E+00
  3.43844632468353784E-01  3.06292259765741326E+00  3.11177465217367510E+00  5.31637073125287518E+00
  4.54107542322554236E-01  9.27025950832751910E-02  2.32176693524435640E+00  8.07889414934717776E-01
  5.86062212635089952E-01  5.19160568775469766E+00  2.04584819164671528E+00  4.17313662519232054E+00
  2.14322779410510394E-01  2.64106836041752713E+00  2.99645553788168639E+00  2.37485894446392853E+00
  4.28056431560671025E-01  5.71394191916969429E+00  5.81360948578557934E+00  5.24227143055367595E+00
  3.76902076901479588E-01  6.66873251909397968E+00  3.12008712153768508E+00  9.63250284708730420E-01
  3.55575626152149271E-01  5.22002492347413494E+00  3.96874440233959147E+00  9.68001436900447265E-01
  3.61137627255947724E-01  3.99191630657660967E+00  2.83904855670669454E+00  3.53604476777693577E+00
  4.32438693220842718E-01  2.98056625552696852E+00  1.78802822823352492E+00  5.07948464617188744E+00
  4.84429066430730915E-01  6.55739076419873701E+00  4.11904163100848031E+00  4.85201577448458377E+00
  4.97655099191040562E-01  2.81555013510776186E+00  1.03606063674055715E+00  9.29697206712038149E-01
  5.44158343748334383E-01  1.57451357664339509E+00  2.79467096814449967E+00  3.37847761593112139E+00
  5.59225941233592594E-01  6.48674178862647377E+00  6.35722495273992738E+00  3.78831931053422366E+00
  5.24991069551568490E-01  5.31511095404201761E+00  3.70795525339529330E+00  1.80307407780909967E+00
  3.96383251075161813E-01  4.52003772310164109E+00  5.98930398710429746E+00  3.89880314328944122E+00
  2.14322779410510394E-01  4.08552277125959407E+00  4.53624954017403881E-01  9.71843554966635548E-01
  4.28056431560671025E-01  1.50355856203367200E+00  6.17804902959447766E+00  6.63489895048876033E+00
  2.99785386141821708E-01  2.20186080792379180E+00  1.55531782495269466E+00  6.02236882848629484E+00
  4.75713279310277237E-01  3.29407270256200713E+00  4.00519830624586337E+00  6.78365201079788926E-01
  4.54107542322554236E-01  2.74470228789618353E-01  6.48622440053500871E+00  1.97006750359500793E+00
  2.89926324498661514E-01  3.46573203474174285E+00  4.80396205479321114E+00  1.84892905143831165E+00
  3.37575933792008509E-01  4.37109280635998410E+00  8.73723916403855827E-01  3.49640346773913180E+00
  4.01058911976384491E-01  5.71261337544872383E+00  3.39746852818034073E+00  1.02621248102397611E+00
  3.37575933792008509E-01  2.31186559571284134E+00  8.58571497537644279E-01  2.88055623453383092E-01
  3.91639445074813297E-01  6.62702178899758554E+00  1.48628935234355209E-02  4.63731946372317250E+00
  4.80063103612331954E-01  1.90218246914858335E+00  4.75880929886196835E+00  1.49543500476482882E+00
  2.64730453937343402E-01  1.92575316714107680E+00  6.33205455722430166E+00  7.80354428841250503E-01
  3.16615288597822842E-01  4.99078918404880767E+00  3.34152918486738093E+00  8.75579684330336949E-01
  5.34458872568623455E-01  6.21375071363600551E+00  2.96611577114674096E+00  1.89108718443491752E-01
  4.80063103612331954E-01  3.66448465215957198E+00  7.94626798882785312E-01  5.10118325013980134E-01
  5.39277054206551698E-01  5.23943673615678729E-01  3.43582020953185907E+00  6.41325248661745828E+00
  5.64404144318620404E-01  2.31871421549741896E+00  4.72884007101807669E+00  2.76887490752792287E-01
  4.10231171689561747E-01  1.42140745780057998E+00  5.07273514542048343E+00  4.34745696532268355E-01
  4.88813983084759374E-01  1.22135893442136023E+00  6.64288950996386962E+00  7.35863159643243891E-01
  5.44158343748334383E-01  5.47928216589304284E+00  6.50100761098311786E+00  9.23401431037978226E-01
  3.81909890374632355E-01  1.46448327459826277E+00  2.46488244916935795E+00  9.28624892181315720E-01
  3.91639445074813297E-01  2.77924935287469221E+00  1.73359836460745420E+00  3.18214904309227986E+00
  4.62733810730875383E-01  6.15679206907427368E+00  2.38921782758231505E+00  4.45811999120421731E+00
  3.08607932839089050E-01  1.34917086331768932E+00  6.73632352759233655E+00  2.18648325601013793E+00
  2.14322779410510394E-01  6.06133678151150956E+00  5.63380865553048515E+00  3.85066532303617093E+00
  4.05674446517406473E-01  4.04678811116672854E+00  4.31446500062900995E+00  3.40059614066053950E-01
  4.58420388086688613E-01  9.50557322145127226E-01  5.78000701533942252E+00  5.27123258277419282E+00
  3.76902076901479588E-01  3.40712556204345907E+00  2.15056165763962959E+00  6.38178919908253128E+00
  3.61137627255947724E-01  5.94403778125570348E+00  2.27195479261885769E+00  3.64601861560063112E+00
  3.37575933792008509E-01  7.05430835354286523E-01  4.94621425017488026E+00  2.65123388867946241E+00
  3.96383251075161813E-01  1.12378990049321725E+00  4.17349249409722045E+00  4.02541127920124708E+00
  2.99785386141821708E-01  9.76523860855878056E-01  4.68727359537647192E+00  5.36326352056523437E+00
  3.16615288597822842E-01  5.70207700183551669E+00  4.33818743523235284E+00  3.42622070117203892E+00
  5.64404144318620404E-01  5.41195986395465223E+00  5.86669623958312059E+00  4.23357846406420446E+00
  5.86062212635089952E-01  4.26751275112635664E+00  3.95852745553996854E+00  2.06543542409729053E+00
  5.39277054206551698E-01  5.88946216394462585E+00  7.18863425657226829E-01  1.43706038587677187E+00
  4.10231171689561747E-01  3.34379318407659021E+00  6.85094145885379424E-01  6.43309160999895990E+00
  3.43844632468353784E-01  9.62267853949364649E-01  3.42470279906944342E+00  5.64670882467177382E+00
  5.02120514290034237E-01  1.68983193376772856E+00  4.85384509723129653E+00  3.87139676211284156E+00
  4.01058911976384491E-01  2.64024594780308286E+00  6.39723427044202797E+00  1.60780248511647184E+00
  5.29698296771959232E-01  5.94101942120789328E+00  3.23309170353154429E-01  3.08123716481607124E+00
  2.46370760027530694E-01  6.06807995309788861E+00  1.08196593413454237E-01  6.61176735222613488E+00
  4.36799992478945909E-01  5.83807015277468899E+00  3.92115693049772673E+00  5.52011730989423821E+00
  3.81909890374632355E-01  3.09858902364368705E+00  6.71544150893341651E+00  6.18766149130542509E+00
  5.64404144318620404E-01  1.27750622476204057E+00  6.69981977967224918E+00  4.96601079156532510E+00
  4.80063103612331954E-01  6.40788274395069912E+00  6.37063115747817710E-01  3.91826248773733354E+00
  5.15720700463495496E-01  3.91185877080002298E+00  4.56246446663643912E+00  1.21652406378716349E+00
  4.05674446517406473E-01  5.28521804747857438E+00  4.99358774796307703E+00  2.36249356419979795E-01
  5.39277054206551698E-01  5.45843268348699073E+00  2.21020522572420353E+00  6.50315905453028620E+00
  5.80490670513443274E-01  1.61856922005538206E+00  2.80853658149095553E+00  4.30984619874266242E-02
  5.24991069551568490E-01  4.87453315075440941E+00  2.90799388039726203E+00  3.50596821119901358E+00
  5.15720700463495496E-01  5.59689642047278557E+00  1.17501194643392215E+00  5.33477963892537099E-01
  4.80063103612331954E-01  3.65687096530091849E-01  3.10536960413631657E+00  2.23133833217907540E+00
  4.88813983084759374E-01  1.08822128531676010E+00  3.46785912306084176E+00  2.76484426470255107E+00
  4.32438693220842718E-01  2.27975609028090176E+00  8.26005187444176836E-01  4.80043547748439803E+00
  3.55575626152149271E-01  3.40035104630110130E+00  5.44434661591579960E+00  1.76428145393190561E+00
  2.14322779410510394E-01  2.85804081409782418E+00  2.60404541662764899E+00  5.20825062029138053E+00
  2.99785386141821708E-01  2.68003796715331299E+00  3.36307586202282849E+00  3.06933414046252784E+00
  5.11150069422808828E-01  5.94868538782261069E+00  5.09729983579843360E+00  1.37726116029696311E+00
  5.49108239936929698E-01  1.87767476070060413E+00  5.73591034329632343E+00  2.03506522319207006E+00
  4.32438693220842718E-01  2.00355549826924717E+00  5.67911105639180125E+00  3.79448481345148803E-01
  5.64404144318620404E-01  6.58619369123927445E+00  2.04074403954854988E+00  6.47651023403116533E+00
  4.84429066430730915E-01  3.82393650798566798E+00  5.42520441926119013E+00  4.89888486712889559E+00
  2.99785386141821708E-01  1.03484301262714129E+00  2.36662150160571905E+00  4.72966072875220167E+00
  4.41142703402056136E-01  3.41020824489199947E+00  2.54991396127033543E+00  2.59599248031526431E+00
  4.49792344455842874E-01  3.36623653992733329E+00  2.88072751133009541E+00  8.06475710344976671E-01
  5.49108239936929698E-01  4.10515937803650655E+00  3.69234635805407629E+00  3.83141088614205794E+00
  5.69669339224686877E-01  2.28497480178193202E+00  1.62106389492252112E+00  1.64755829014164412E+00
  5.91749286368603356E-01  4.97433480240422288E+00  5.49052220650020839E+00  1.04236009323275991E+00
  5.02120514290034237E-01  7.15683474355909288E-01  3.01493951397337279E+00  5.99381879042180543E-01
  4.97655099191040562E-01  3.41989231763580337E+00  4.42963456583391668E+00  2.54720941215931429E+00
  3.30997587999695309E-01  2.68240099869510207E+00  3.41810588827791750E-01  3.35937376232153451E+00
  4.14741582532007880E-01  4.50528238894060884E+00  2.22793491048577730E+00  6.53848344500555623E+00
  4.45471777578522854E-01  2.42363818831111200E+00  4.01176975151376070E+00  9.79983276662878655E-01
  2.78555296554233556E-01  1.35231842439141459E+00  6.10117761766417388E+00  4.36074669982776975E+00
  3.08607932839089050E-01  5.99547550795352802E+00  6.46061694012432142E+00  4.49608580140144287E+00
  4.80063103612331954E-01  4.72051238277524732E+00  3.76944693475981341E+00  3.01172770157596048E+00
  4.49792344455842874E-01  6.35087530401991796E+00  3.81988185484812215E+00  6.55044067202380620E-01
  3.49822487141294602E-01  3.12052407153368239E-01  5.92829791563187936E+00  3.22778903914920701E+00
  3.91639445074813297E-01  2.80288710944314134E+00  5.52870537728231071E+00  5.10090696488601281E-01
  3.66532661804007787E-01  1.03915019615874193E+00  1.17347684711129707E+00  1.49008385431999724E+00
  5.59225941233592594E-01  3.98427841247664283E+00  6.68988592224393219E-01  4.32367786440820900E+00
  3.37575933792008509E-01  7.57935903727424920E-01  3.63221354334098301E-01  6.44022551053909087E+00
  5.69669339224686877E-01  2.31082309006526909E+00  2.15066120378540671E+00  3.91051459901986487E+00
  5.11150069422808828E-01  6.52778441833545475E+00  5.21380790884910073E-01  2.24627125748102374E+00
  3.91639445074813297E-01  9.54045661746206419E-01  3.46266349724763201E+00  3.64911902878788252E+00
  5.44158343748334383E-01  6.36278855614450300E+00  8.80090763042089552E-01  6.50811821554056724E+00
  5.34458872568623455E-01  2.57109012205239384E+00  3.22274720755696098E+00  3.88400912209809057E+00
  4.75713279310277237E-01  2.34791977245867978E+00  4.58836944688400417E-01  6.28965597641939489E+00
  4.93220738472549158E-01  1.83250058122084059E+00  6.33598409596802981E+00  5.78929234200447862E+00
  5.39277054206551698E-01  2.38167183220399359E+00  3.43080514161136740E+00  1.77377251973743610E+00
  5.44158343748334383E-01  4.18317612082075563E+00  1.21513146593360966E+00  1.29546516217872720E+00
  4.28056431560671025E-01  7.95195582415948454E-01  1.28603013205443428E+00  7.43428021695018093E-01
  3.86818426119931114E-01  9.28491483505308746E-01  7.95816090277495336E-01  3.27636552989681062E+00
  4.23649157779161234E-01  6.02818206058363337E+00  5.09476273668372048E+00  4.21382921913816055E+00
  4.28056431560671025E-01  4.73808118907238285E+00  4.54413711927204034E+00  7.44568133297340617E-01
  4.58420388086688613E-01  2.35911968821294638E+00  5.64525583576886980E+00  2.91473637758447346E+00
  4.84429066430730915E-01  6.20337126176960352E-01  4.90078747843678941E-01  5.61544148807192833E+00
  4.97655099191040562E-01  9.09613506523004323E-01  3.22942984542207823E-01  1.56800661694621590E+00
  4.71376829571238165E-01  3.26409645507889890E+00  2.38058381211068149E+00  3.48023203925079683E+00
  3.55575626152149271E-01  6.17238817928346073E+00  6.43976387374238790E+00  5.13589843041022842E+00
  3.81909890374632355E-01  1.48865267103062249E+00  3.38662615530953115E+00  1.99602171314380117E+00
