4
   512  6.75123455836456809E+00  6.75123455836456809E+00  6.75123455836456809E+00
        0.00000000000000000E+00  0.00000000000000000E+00  0.00000000000000000E+00
  3.76902076901479588E-01  5.53247507079521661E+00  3.41721618266224336E+00  1.18428739853885068E+00
  3.86818426119931114E-01  4.91255132981362941E+00  1.80088402696123406E+00  1.48833654053562703E+00
  3.16615288597822842E-01  4.37823712456167247E+00  4.69616509029576612E+00  3.29896020086696318E+00
  3.24058750641704252E-01  2.93951006194835474E+00  5.53655467872360418E+00  7.27782841332636821E-01
  4.54107542322554236E-01  1.63096372965710179E+00  8.99986490501583303E-01  5.72680512707363309E+00
  5.11150069422808828E-01  5.34349319493858932E+00  4.28566731774144394E+00  4.56720473671588056E+00
  3.81909890374632355E-01  5.78187173987606218E-01  3.36441973289724183E+00  4.59936800767265463E+00
  5.75027356379647192E-01  2.74220107646692712E+00  2.47323321749883984E+00  3.33656029629111450E-01
  4.71376829571238165E-01  3.42968588413429165E+00  2.28671438756361400E+00  1.10032868835806097E+00
  4.05674446517406473E-01  6.25411151930267994E+00  6.39132170380271880E+00  5.92164745630037448E+00
  4.01058911976384491E-01  1.46425235761732386E+00  3.36328081862912898E+00  1.45358297886438259E+00
  3.30997587999695309E-01  2.22462999363753955E+00  3.72930502907969696E+00  8.95065378675623524E-01
  5.02120514290034237E-01  1.18348435793352302E+00  4.21494101454231096E+00  6.04533336404976396E+00
  4.05674446517406473E-01  1.06651425076522322E+00  2.87149381852950158E+00  1.95439086134516371E+00
  2.14322779410510394E-01  3.93867208893603804E+00  3.71019784213673720E+00  9.58270096162471274E-01
  5.80490670513443274E-01  9.10766675819406846E-01  3.56390017683375193E+00  2.69359871373331750E+00
  5.75027356379647192E-01  1.35561337023691886E+00  5.27889730001863988E+00  2.78676322956361311E+00
  2.64730453937343402E-01  5.90024921615712739E+00  5.22453226809755744E+00  6.50254602735578047E+00
  4.62733810730875383E-01  1.25801217540084775E+00  5.83045222678945674E+00  7.05838116180764419E-01
  3.81909890374632355E-01  5.62211520152894639E+00  5.96197611818641260E+00  5.44648549868798071E-02
  2.99785386141821708E-01  3.05867514132719009E-01  2.48349728896062283E+00  4.23937568960250744E+00
  3.91639445074813297E-01  3.45848158418083340E+00  2.33782435793829091E+00  1.96131683886883401E+00
  4.32438693220842718E-01  6.33914347529723354E+00  5.76564735375966197E+00  6.47312035323138435E+00
  4.97655099191040562E-01  2.51793452737415491E-01  2.78839610938155014E+00  2.33590169911891099E+00
  4.49792344455842874E-01  3.80614617769566266E+00  4.77990969169105373E+00  7.02316625535367667E-01
  4.10231171689561747E-01  2.71542142277879872E+00  9.89170822610035305E-01  6.67463086987308074E+00
  4.32438693220842718E-01  4.12639608080164333E+00  1.75030400650945261E+00  1.71315434057005178E+00
  5.39277054206551698E-01  3.11335095299590714E+00  6.54274704030791643E+00  8.45200096060665484E-01
  3.24058750641704252E-01  4.65175415539989778E+00  3.88968824207836539E+00  6.33612520938825341E+00
  4.36799992478945909E-01  4.74891816286211554E+00  4.55662328169555053E+00  1.85914652577007677E-01
  4.75713279310277237E-01  2.14630784763241200E+00  1.64264592746627436E+00  5.50799230680541463E+00
  3.43844632468353784E-01  2.08164048097077670E+00  4.57304418309519622E-01  5.23929746412615049E+00
  3.16615288597822842E-01  5.59905096890779941E+00  2.89841850456847938E+00  2.08422729281745234E+00
  4.58420388086688613E-01  2.53934407166914733E+00  3.08188394723935388E-01  4.05145743680081871E+00
  5.69669339224686877E-01  6.54226488725115818E+00  5.74204017112557175E+00  3.96320897198042532E+00
  3.55575626152149271E-01  4.28255283331916559E+00  4.13807717335517999E+00  8.03092549225160823E-01
  3.55575626152149271E-01  3.24474176029330430E-01  5.48583385059587147E+00  6.48109962626427460E+00
  3.08607932839089050E-01  3.26226298205394061E+00  2.61980852496874306E-01  4.30638704004521955E+00
  3.96383251075161813E-01  4.68236971375378630E+00  4.71427275481231922E-01  2.27901525540979488E+00
  4.67051022334941945E-01  1.01747721234299293E+00  1.93008501724647386E+00  3.66061521061512440E+00
  4.45471777578522854E-01  9.90471581313583510E-02  4.58888766586228058E+00  1.69115711330879548E+00
  5.64404144318620404E-01  3.47229406486050030E+00  5.85752377877462216E+00  5.74025864258880780E+00
  4.10231171689561747E-01  5.38102570896464893E+00  3.93046800987226774E-01  1.02502196064406648E+00
  3.43844632468353784E-01  5.41246287453079900E-01  3.81324577879738058E-03  4.65698968672598923E+00
  2.99785386141821708E-01  1.81545588324568419E+00  4.80465753341790425E+00  1.55233005418204195E+00
  4.58420388086688613E-01  3.60301135418130336E+00  6.51305405117895919E+00  4.96342949066911832E+00
  4.88813983084759374E-01  3.15983636270754320E-01  2.35120349065133283E+00  1.45382261813396596E+00
  4.88813983084759374E-01  4.94482850466233526E+00  4.42499757810294658E-01  5.58206055228572584E+00
  3.43844632468353784E-01  6.75769376142086764E-01  6.00251424002251532E+00  3.55139516194326710E+00
  5.20333150277951795E-01  8.11362449502195382E-01  2.73222828631274561E+00  5.20528986844283104E+00
  5.39277054206551698E-01  3.46309811124288069E+00  3.20144498282054935E+00  1.52917498515806338E+00
  3.66532661804007787E-01  4.13678139225428776E+00  1.86141363641485424E-01  1.73499720763243359E+00
  2.78555296554233556E-01  1.50808287802403584E+00  3.10479762099403089E+00  5.32547929403844833E+00
  5.39277054206551698E-01  6.09362655577967871E+00  4.97296580789067733E+00  5.25111245490616163E+00
  4.05674446517406473E-01  3.27459755057327828E-01  3.56214641751061301E+00  5.33325022048890585E+00
  4.23649157779161234E-01  6.22757024791279257E+00  7.46097597864772477E-01  1.14878838256566684E+00
  4.41142703402056136E-01  2.77424397501749853E+00  7.80312737192069283E-01  7.46783056523949607E-01
  3.55575626152149271E-01  5.11754986439389903E+00  3.00693183298521127E+00  1.62793361357738720E+00
  4.80063103612331954E-01  6.11293982606243347E+00  5.93427256672344683E+00  4.91276764190492266E+00
  4.93220738472549158E-01  1.86423486565510133E+00  5.55636860631589347E-01  9.56511598946589658E-01
  5.69669339224686877E-01  4.19836359420904515E+00  6.60093893668753395E+00  4.12887447145872422E+00
  5.54129086970597151E-01  5.77008694248420273E+00  4.80837972083196175E-01  4.82083559819992757E+00
  4.54107542322554236E-01  1.16005951068056623E+00  3.74126896584689916E+00  5.21492594004118803E+00
  4.93220738472549158E-01  4.95485498428432258E+00  2.77371132436300227E+00  8.28040593953675019E-01
  4.75713279310277237E-01  6.55487202889809328E+00  4.51346156343183402E+00  7.43666168079668233E-01
  5.64404144318620404E-01  2.39202540620134663E+00  3.38904601962980934E+00  1.71958574406968578E+00
  5.24991069551568490E-01  3.87104696516701852E+00  4.03938083632363476E+00  3.50190864319626716E+00
  4.67051022334941945E-01  3.78298697046250909E-01  3.69646932700226349E+00  6.19410621065185385E+00
  4.84429066430730915E-01  3.73906947317210792E+00  1.93669877150440151E+00  5.56097769418911181E+00
  4.75713279310277237E-01  6.02195278634034636E+00  7.26315893820450476E-01  2.76289696479291713E+00
  5.02120514290034237E-01  1.59328844542009040E+00  2.39797254739548782E+00  5.79070398753029192E+00
  5.11150069422808828E-01  3.90801478178918282E+00  4.10858558056747292E+00  2.20877606259650382E-02
  4.36799992478945909E-01  9.14453279835248267E-01  3.30480210649375428E+00  5.63084418032370054E-02
  4.01058911976384491E-01  3.60169653970732861E+00  2.92336868733145128E+00  4.56590508429317765E+00
  2.89926324498661514E-01  1.70925930598871023E+00  3.18390480596934422E+00  4.13846511541674023E+00
  4.14741582532007880E-01  2.73938836027616395E+00  3.07267895716295625E+00  3.36405019886058110E+00
  3.49822487141294602E-01  3.34057835321003438E+00  4.52359825866779275E+00  2.59752412782519304E+00
  3.24058750641704252E-01  2.43218217126623371E+00  3.91773133653922745E+00  5.22566191803695151E-02
  2.14322779410510394E-01  2.04754093100056522E+00  5.25212441116617335E+00  1.44807891804976485E+00
  4.62733810730875383E-01  5.55987303568828639E-01  6.03927912256666222E+00  1.27201867047900152E+00
  5.39277054206551698E-01  5.23362048237985533E+00  2.00764229845054842E+00  3.05701786336111070E+00
  4.62733810730875383E-01  5.05225369859937867E+00  5.00266146489600061E+00  5.55519345988764623E+00
  5.15720700463495496E-01  4.42531364622787304E+00  5.46166630211002868E+00  3.83115683122037609E+00
  5.29698296771959232E-01  2.39898679995083919E+00  2.93805454247946107E+00  6.14314561621379518E+00
  5.64404144318620404E-01  3.81972213586745379E+00  6.13058352461767075E+00  2.84459674663395390E-02
  5.34458872568623455E-01  6.32772529783657056E+00  6.15580704541554269E+00  6.06590283930913188E-01
  5.24991069551568490E-01  4.79588297451139045E+00  1.38574336646826746E+00  2.29270348346385555E+00
  5.20333150277951795E-01  6.12169614341952073E+00  6.51800466937843570E+00  3.32343947141801221E+00
  4.41142703402056136E-01  6.29738546878255878E+00  2.85933223635935096E+00  1.57254924396399920E+00
  4.84429066430730915E-01  9.93320849559671037E-01  9.30653232645955564E-01  4.07210828374660327E-01
  5.29698296771959232E-01  6.30906907629660907E+00  3.81946622476933451E+00  1.42861587437740045E+00
  4.45471777578522854E-01  9.08222973068632089E-01  6.67761369788031534E+00  6.09953127359099012E-01
  3.37575933792008509E-01  5.80341856597691930E+00  4.82187263071135508E+00  6.06521631454999710E+00
  2.64730453937343402E-01  5.92349426979699523E+00  4.80532487517682494E+00  4.46883591509510580E+00
  5.24991069551568490E-01  4.67319830573492823E+00  3.94347095228029998E+00  5.48900802723160908E+00
  4.14741582532007880E-01  2.16833731870309077E+00  4.83776602701454017E+00  3.80686065550289943E+00
  4.80063103612331954E-01  2.55531086331104440E+00  8.01197204484543346E-01  5.81912484678161945E+00
  2.99785386141821708E-01  3.04741005355010142E+00  4.58156924041886082E+00  6.26678478533738570E+00
  5.29698296771959232E-01  5.53120343390543923E+00  7.41017729078273346E-01  1.88523797133163651E+00
  3.08607932839089050E-01  2.91321049904804630E+00  3.88968959131956638E+00  1.22967256396506142E+00
  4.67051022334941945E-01  4.37289755400969504E+00  2.20296863079557559E+00  3.54065235025046787E+00
  5.34458872568623455E-01  4.38226003579376577E+00  6.71746713799637973E+00  7.67782727407486099E-01
  4.58420388086688613E-01  2.63178730241720393E-01  2.00507748158127086E+00  4.82633253965382192E+00
  4.88813983084759374E-01  6.49446592552838364E+00  3.00605366662482032E+00  6.01036610859798248E+00
  3.86818426119931114E-01  3.32111181637740716E+00  5.20247530292065274E+00  1.23712140406005333E+00
  4.49792344455842874E-01  2.33336078405081571E+00  4.62158905357425365E+00  6.49121193700148957E+00
  5.59225941233592594E-01  4.54472562208818953E+00  4.54549292418175099E+00  1.92814551568117021E+00
  3.08607932839089050E-01  2.15891002904839047E+00  1.29581805352809498E+00  6.29311018322578164E+00
  3.37575933792008509E-01  1.64709680552184601E+00  3.20039207795854175E+00  2.28290487467531200E+00
  3.16615288597822842E-01  5.87123578189035999E+00  5.15929710713773915E+00  4.00227346791313110E+00
  2.78555296554233556E-01  1.96884462286555095E+00  5.23413340967922913E+00  4.33955051258102120E+00
  2.89926324498661514E-01  4.86233029085652557E+00  3.30467807023316062E+00  5.95831588530042477E+00
  3.61137627255947724E-01  3.70901966693957652E+00  1.47411383848584365E+00  1.09683344718622156E+00
  4.23649157779161234E-01  2.54257352110339063E+00  5.00529332557950557E+00  1.12770181103517064E+00
  4.01058911976384491E-01  1.89431548636067149E-01  6.33365470403892150E+00  6.37144943109173578E+00
  3.49822487141294602E-01  6.98729333542934983E-01  4.12606810543862679E+00  3.40400724756288486E+00
  4.49792344455842874E-01  1.19997768662823501E+00  3.24613835767780401E+00  5.97013101294423620E+00
  5.02120514290034237E-01  3.00060218053086514E+00  1.69230333377021847E+00  6.16799054417654968E+00
  5.06617780002852514E-01  1.00563544049380105E+00  5.20794846587697791E+00  6.03080653873628947E+00
  3.76902076901479588E-01  4.39590226178838517E+00  1.65891716519603216E+00  4.18633842314273785E+00
  5.91749286368603356E-01  5.43744084376780989E+00  4.99432482801308097E+00  2.49947167640447709E+00
  4.49792344455842874E-01  6.07176087761167160E+00  5.80919601354955883E+00  2.63567653294988880E+00
  4.23649157779161234E-01  3.52833101635714508E+00  1.00282941408231796E+00  6.48907141096950646E+00
  5.02120514290034237E-01  5.82730592990736884E+00  4.04791045101388836E+00  2.85352444195821453E-01
  4.45471777578522854E-01  4.21513165622946318E+00  6.53459420487677622E+00  5.62869291734378496E+00
  3.71781505092813103E-01  5.74293378057029003E+00  2.63149814303009322E+00  3.40996534576442523E-01
  5.06617780002852514E-01  2.32212937035449124E-01  5.60608160201196970E+00  2.84324802010301747E+00
  2.14322779410510394E-01  3.27541129599276326E+00  4.12359255137215541E+00  6.40354016863916886E+00
  5.59225941233592594E-01  5.31407752214158613E+00  1.52736243203190769E+00  4.05854546093368107E+00
  5.20333150277951795E-01  2.67725319947725815E+00  9.21880210139518597E-01  2.45033543587134695E+00
  4.71376829571238165E-01  2.96262634780281786E+00  4.22722533454779192E+00  1.93129982518318233E+00
  5.20333150277951795E-01  4.43198890418577918E+00  5.36450374955992526E+00  2.79726263796171715E+00
  3.71781505092813103E-01  5.19253912328992850E+00  2.40916931510239118E+00  4.33139808304282337E+00
  2.64730453937343402E-01  2.73944698005051457E+00  3.92927707072924459E+00  6.67083480338225510E-01
  3.71781505092813103E-01  2.75470505792856812E-01  2.31737459593275918E+00  3.58792429173268035E+00
  3.49822487141294602E-01  1.46694823994539236E+00  5.44940662638173468E+00  3.80904054943063430E+00
  5.54129086970597151E-01  4.97169250095441129E+00  6.55353118406616630E+00  1.66825315996805368E+00
  5.44158343748334383E-01  5.14125893651946608E+00  4.24058492515467478E+00  1.05137834293589094E+00
  4.75713279310277237E-01  9.08205969767496235E-01  2.87903203643388927E+00  9.05191832072669178E-01
  4.71376829571238165E-01  2.61796052812566193E+00  6.00687322892492670E+00  1.45865354558535110E-01
  2.89926324498661514E-01  1.80210907924830477E+00  2.19214262859850306E+00  2.44601779613642600E+00
  4.01058911976384491E-01  4.10134659984872396E+00  5.08811489358537372E+00  6.57825461894372143E+00
  5.15720700463495496E-01  5.45638909781879100E+00  1.31283931580223157E+00  5.56384424250148069E+00
  3.30997587999695309E-01  2.73795473868219386E+00  2.33583968804594910E+00  3.16395242926100106E+00
  3.55575626152149271E-01  6.62261795673217080E-01  3.45702781526845548E+00  3.62465497775644874E+00
  3.76902076901479588E-01  5.49996600533364610E+00  4.30144672926110516E+00  5.44157394851326437E+00
  4.36799992478945909E-01  6.00235416520169274E+00  2.05149699743031588E+00  8.41254859965035018E-01
  5.49108239936929698E-01  5.77351025930659234E-01  3.84426759526118822E+00  8.09671299173010617E-01
  5.11150069422808828E-01  3.71998399342710595E+00  2.00061377936658502E+00  2.06322169614232220E-01
  5.29698296771959232E-01  2.05469063803600838E+00  3.79525422779656019E+00  5.62087891699445930E+00
  3.55575626152149271E-01  2.57290721302649095E+00  1.92474441740993085E+00  4.68758232810423880E+00
  5.80490670513443274E-01  2.29909918530315638E+00  3.85101048171522775E+00  3.80080782029979414E+00
  5.86062212635089952E-01  6.30705448256034806E+00  4.84090029605254202E+00  3.27881321948466420E+00
  2.14322779410510394E-01  4.46888428540764493E-01  3.09140959591648645E+00  5.80715018098750235E+00
  5.54129086970597151E-01  4.31485462666580388E-01  4.59902862706247362E+00  6.68317363728839364E+00
  5.49108239936929698E-01  4.20855809463833186E+00  3.10304479220501239E+00  3.09804507985197564E+00
  4.54107542322554236E-01  9.35119402484543505E-01  1.37272714860850620E+00  2.93184232813174406E+00
  4.01058911976384491E-01  2.16271377380951479E+00  2.94175543272674522E+00  5.24244993306093132E+00
  3.30997587999695309E-01  1.97251541597871438E+00  8.61521060351579160E-01  2.92415558736436010E+00
  5.11150069422808828E-01  1.50861390297836495E+00  6.26062003130497047E+00  2.34782481139025290E+00
  4.71376829571238165E-01  1.71008788877656093E+00  1.43666283225871139E+00  2.42992299669930745E+00
  4.97655099191040562E-01  4.21476044626826507E+00  6.24278109098617673E+00  2.32923100434037922E+00
  2.46370760027530694E-01  9.43704750888382238E-01  3.98452746089162613E+00  6.71866371612890489E+00
  3.66532661804007787E-01  2.56385793410821394E+00  5.43550683467148499E+00  4.11844271989422328E+00
  3.66532661804007787E-01  5.21622020628444538E+00  5.92439226812316289E+00  2.41398223000693646E+00
  4.23649157779161234E-01  6.71941200835494978E+00  3.24978075187089488E-01  6.08822283365046069E+00
  5.34458872568623455E-01  4.05152660058080993E+00  3.05021251945516214E-01  2.94313437195434524E+00
  3.37575933792008509E-01  2.61317431849112802E+00  4.53631206036553536E+00  5.63874403765482679E+00
  4.54107542322554236E-01  4.74806856880498351E+00  3.67704287574976174E+00  3.27308776216470976E-01
  4.10231171689561747E-01  2.06122944041976153E+00  6.49099605346872277E+00  5.00853008725287907E+00
  4.10231171689561747E-01  3.14690335555001033E-01  1.95741290602839846E+00  2.78961353286055536E+00
  4.75713279310277237E-01  6.18724551695049829E+00  3.31365130275022013E+00  2.41505223364380939E+00
  3.16615288597822842E-01  4.72384718116883207E+00  5.95778816857424243E+00  4.43823517566599790E+00
  4.41142703402056136E-01  3.23719391426345027E+00  3.48554843455885299E+00  3.97641548284082580E+00
  2.78555296554233556E-01  2.06934588027364086E+00  6.59872638835781533E+00  3.71833608000615934E+00
  2.14322779410510394E-01  1.88053071242365299E+00  4.21856503889042500E+00  6.21283023344940766E+00
  4.19212477446155474E-01  5.17938922457841056E+00  4.70490138205504727E-01  2.92643343259591893E+00
  5.64404144318620404E-01  3.01584342577418640E+00  9.32810943609787557E-02  6.43573241503057414E+00
  4.19212477446155474E-01  1.23413068740303600E+00  4.72768571399621784E+00  1.96830648957895860E+00
  2.46370760027530694E-01  4.45438795344584015E+00  1.86746584396637627E+00  6.56853228747698026E-02
  4.58420388086688613E-01  9.30522219246388005E-01  1.05270237661137678E+00  2.07729548647805329E+00
  4.19212477446155474E-01  2.73474487544848444E+00  6.35880214872481009E+00  4.54265191836869509E+00
  5.91749286368603356E-01  4.84957924655293571E+00  6.30847225428459613E+00  3.21211498061017320E+00
  5.20333150277951795E-01  3.62943823784676534E+00  5.50316634460813692E-01  5.66682898300202886E+00
  5.49108239936929698E-01  4.59414334142417680E+00  5.73533965492457387E+00  6.08334453426501831E+00
  3.49822487141294602E-01  1.86040619709053362E-01  6.15163260366122078E+00  4.70278660529715520E+00
  5.59225941233592594E-01  1.32865664297953434E+00  1.58065433112476139E+00  6.41395836245154172E+00
  4.49792344455842874E-01  1.65943365507893126E+00  4.68090347234120741E-01  3.88599766383309486E+00
  5.34458872568623455E-01  3.99053236381133880E+00  1.99671349731195380E+00  2.63833681242779194E+00
  4.54107542322554236E-01  4.90812473621099610E+00  1.00408166887090045E+00  4.82553114070186240E+00
  4.97655099191040562E-01  3.24038169449910862E+00  1.48757129753089212E+00  1.81856742493080970E+00
  3.91639445074813297E-01  4.50918246429828518E+00  4.56418472045762869E+00  6.14414635019501709E+00
  2.99785386141821708E-01  5.27698556065820057E+00  2.06291145962285816E+00  9.68816999056926198E-01
  3.43844632468353784E-01  4.05468762588820830E+00  4.58642484714333154E+00  2.73141960679612694E+00
  3.81909890374632355E-01  4.94071481114750899E+00  2.76933847252514775E+00  4.94379475379592837E+00
  5.75027356379647192E-01  1.61680535202421072E+00  2.57868337129989600E+00  1.18392462994114669E-01
  4.84429066430730915E-01  9.00312406600678017E-01  1.76829970976044648E+00  5.47978989245958292E+00
  4.41142703402056136E-01  5.00123760396507677E+00  1.89033806949444694E+00  6.39551439218109774E+00
  4.62733810730875383E-01  3.68413661254928426E+00  1.61209929004091879E+00  3.74313302946596105E+00
  4.32438693220842718E-01  6.18521957882690110E+00  3.26570126773139213E+00  6.50660094180457893E-01
  5.29698296771959232E-01  4.29835478583531572E+00  1.13873691990299442E+00  2.83386215602139280E-01
  3.30997587999695309E-01  2.53212375191024908E+00  1.52799705222622695E+00  3.03149434240667404E+00
  5.69669339224686877E-01  2.28208882474726460E+00  1.58290372577315173E-02  2.90996459209082881E+00
  4.49792344455842874E-01  1.61991187614564547E+00  3.95400255436802084E+00  2.05613383964315410E+00
  5.49108239936929698E-01  2.87747888661884765E+00  5.22778501095706449E+00  3.28341617002890418E+00
  3.24058750641704252E-01  6.43960229470309997E+00  4.72344501022614249E+00  4.18262029182719175E+00
  3.37575933792008509E-01  2.12353754721679966E+00  5.86164808934248516E+00  2.89340816786518484E+00
  3.91639445074813297E-01  5.66602499747872024E+00  1.45871937950791031E+00  1.32174782989682993E+00
  5.24991069551568490E-01  8.43256726162363690E-01  2.34311850232808344E-01  6.44315479433971827E+00
  2.64730453937343402E-01  1.66827918922320717E+00  3.03720465852452781E+00  2.94725144744535106E+00
  3.43844632468353784E-01  4.09861682263872851E+00  5.05607584060340454E+00  5.78276296757070085E+00
  4.54107542322554236E-01  9.76531579811410477E-01  6.00489881468633802E-01  1.28564589459528245E+00
  5.34458872568623455E-01  3.19408994275654257E+00  3.32407298713346178E+00  5.53432805452468024E+00
  4.01058911976384491E-01  1.48827219813778244E+00  3.40635148791377862E+00  3.47144429730459869E+00
  3.61137627255947724E-01  5.44685789781720064E+00  1.14643928776418180E+00  3.21174013879537101E+00
  4.62733810730875383E-01  5.17323915931315348E+00  3.72559710224651530E+00  3.74290005466621212E+00
  5.86062212635089952E-01  7.42222353064537876E-01  4.95601159088980392E+00  9.69317395678728877E-01
  3.30997587999695309E-01  2.97854159449927325E+00  1.60310775490905622E+00  2.44764426809059188E-01
  4.32438693220842718E-01  2.40467173945445811E+00  2.12523128731197275E+00  1.26547835790666974E+00
  4.84429066430730915E-01  4.11384655473648397E+00  2.78299997672726462E+00  5.27447236029475786E+00
  5.69669339224686877E-01  5.47798051111321360E+00  6.35056162845678429E+00  4.18787910548071718E+00
  5.06617780002852514E-01  3.54862196143176112E+00  6.39815653469107737E-01  1.27540862988782955E+00
  3.37575933792008509E-01  4.89551762275344693E-01  6.61457078552271494E+00  5.74941994222403974E+00
  2.46370760027530694E-01  8.47926233412330532E-01  2.25852944064087824E+00  4.50357960822109948E+00
  2.64730453937343402E-01  2.27862605267995333E+00  2.06006209301804422E+00  2.89395579846324269E+00
  3.61137627255947724E-01  5.94315468629582000E+00  3.28256135786102776E+00  3.50205274057710758E+00
  4.19212477446155474E-01  2.82049447752592553E+00  1.00000487659207948E+00  3.48468796521539836E+00
  4.28056431560671025E-01  6.41508574335518045E+00  9.08087224316813435E-01  5.42606166057021255E+00
  3.24058750641704252E-01  2.39868990965499318E+00  4.08262542032860054E-02  3.71942577624593818E-01
  3.86818426119931114E-01  2.59882133793603609E+00  6.08525209014146284E+00  6.04229783969921108E+00
  4.45471777578522854E-01  4.83330380881459920E+00  2.88777420321732059E+00  6.65544012678401131E+00
  5.80490670513443274E-01  6.42871769440232277E-01  1.92929040429147758E+00  5.26251126902960276E-01
  4.41142703402056136E-01  5.84514991403407347E+00  3.73531394495794977E-01  5.80753289098817582E+00
  3.96383251075161813E-01  3.39073929770023197E+00  3.82631180395322268E+00  7.14804171203750838E-01
  5.02120514290034237E-01  6.56648829500747588E+00  5.42163208504855110E+00  1.29830936398132391E+00
  3.24058750641704252E-01  8.54337721465526778E-01  5.89131976741529506E-01  4.17517135548922180E+00
  3.96383251075161813E-01  1.73417269432106624E+00  6.54815300109081200E+00  5.10126215655740900E-01
  3.96383251075161813E-01  4.00200068056348801E+00  2.85138463071844495E+00  2.20982097562410695E+00
  4.28056431560671025E-01  3.64719715348312201E+00  4.41190948346012746E-01  3.66981427566261509E-01
  5.59225941233592594E-01  3.87934780629836684E+00  5.95480096216341703E+00  1.36924722803633703E+00
  5.11150069422808828E-01  2.60171506556076459E-01  4.11184846991250819E+00  4.14483251864061408E+00
  3.43844632468353784E-01  2.70842864293993424E+00  6.33748131865138742E+00  5.36401396757413984E+00
  4.23649157779161234E-01  3.02318711389736761E+00  4.35054143961557038E+00  2.02048535603013724E-01
  5.06617780002852514E-01  6.01028078273495581E+00  6.65270771610869627E+00  1.47552013585101860E+00
  3.76902076901479588E-01  2.96512128407218167E+00  5.15971196552975986E+00  2.36403558262218372E+00
  4.45471777578522854E-01  4.43439881513323719E+00  4.44075058577215032E+00  4.18304253508142221E+00
  5.69669339224686877E-01  2.56782417622277770E-01  1.22828849391351791E+00  6.45129714232373619E+00
  2.99785386141821708E-01  7.84810526210897308E-02  3.18131162938865764E+00  9.89365028088018406E-01
  4.54107542322554236E-01  4.25074421978994099E+00  2.34978964207138485E+00  6.23071726227693912E+00
  5.75027356379647192E-01  6.24231318615767705E+00  2.17158177990415391E+00  4.15984130808905750E+00
  3.66532661804007787E-01  4.60449872229564061E+00  4.65403388011784980E+00  4.95024311124555272E+00
  4.67051022334941945E-01  2.45181287796959513E+00  1.93655434049638742E+00  2.14606126580457568E+00
  5.44158343748334383E-01  6.52956002857774820E+00  2.86838388576789516E+00  4.98725098403981093E+00
  4.41142703402056136E-01  2.30669576986524211E-01  1.61437106362653693E+00  2.01495991674478514E+00
  4.84429066430730915E-01  2.35666260823647900E+00  1.20556605309045195E+00  1.49599037152364867E+00
  4.62733810730875383E-01  3.73782706904122985E+00  4.18989456588708631E+00  1.41155572971939103E+00
  3.66532661804007787E-01  2.27927440716244156E+00  3.29256227386965383E+00  3.03397257158319611E-01
  4.58420388086688613E-01  5.75390034208609080E+00  1.60723930258984726E+00  2.30585987628759437E+00
  3.66532661804007787E-01  1.65430418797507706E+00  5.44580822935719056E+00  4.86165238989092252E+00
  4.32438693220842718E-01  4.65078564785801507E-01  5.33796531226018356E+00  1.96920079132131742E+00
  4.58420388086688613E-01  4.24417412597379862E+00  2.58788241743869918E+00  1.43327043707679858E+00
  4.45471777578522854E-01  2.85290272870901296E+00  5.97606927140992283E+00  2.62858727440185458E+00
  3.49822487141294602E-01  5.56943130207678294E+00  1.94691369346265652E+00  1.92472682690315006E-01
  4.75713279310277237E-01  1.33952413441170259E-01  1.03276823192090375E-01  1.07713406951334489E+00
  4.28056431560671025E-01  2.59660078518961290E+00  3.24850392949828759E-01  1.46544338862237788E+00
  3.66532661804007787E-01  6.25478771030367753E+00  1.25410115327346472E+00  1.75354602262730719E+00
  3.81909890374632355E-01  6.11337979911167118E+00  1.10590590087208018E+00  6.15121171736272210E+00
  3.43844632468353784E-01  1.37490334941117442E+00  3.13830572422912368E+00  4.69115689950206516E+00
  5.91749286368603356E-01  3.94705260828060123E+00  3.03297844874034350E+00  5.20827733581266661E-01
  3.81909890374632355E-01  4.61173648961615612E+00  3.32851318328894541E+00  2.28941818874150727E+00
  2.78555296554233556E-01  3.18088346475077488E+00  6.64130297027572958E+00  5.63284151079724893E+00
  4.36799992478945909E-01  1.56088117446611840E+00  3.45284050232616480E+00  6.25414780938907011E-01
  4.97655099191040562E-01  1.43771807684293007E+00  4.49420884169814361E+00  2.19791234458481505E-01
  3.71781505092813103E-01  6.26394945215372267E+00  4.71336833231657248E+00  6.67575897467822355E+00
  4.84429066430730915E-01  3.29529845435431090E+00  2.73708104332151736E+00  2.72395959826636247E+00
  3.71781505092813103E-01  5.96572201511294509E+00  3.28719127201614825E+00  6.62838747520190807E+00
  4.05674446517406473E-01  4.74784553487868077E-01  3.26891470888428337E+00  1.56636132027190800E+00
  3.96383251075161813E-01  2.96630164939813401E+00  1.56445781596433542E+00  9.71044710651694620E-01
  3.76902076901479588E-01  1.08033388485283921E+00  1.01877963394928495E+00  3.66958044143204321E+00
  4.80063103612331954E-01  2.58765307333003958E-01  7.81701962340712542E-01  2.67397695385156542E+00
  4.80063103612331954E-01  6.05147558480960779E+00  4.02319161131529857E+00  3.91340922616847653E+00
  5.86062212635089952E-01  6.46026322909435957E-01  5.02218590702178869E+00  3.66919027654069785E+00
  5.24991069551568490E-01  3.41729941588348973E+00  4.93680688568557979E+00  5.16033359359113675E+00
  3.08607932839089050E-01  4.88797864987029929E+00  6.03319921686330196E-01  5.46060047247547753E-01
  4.10231171689561747E-01  6.36158300548388045E+00  2.19175228598875282E+00  2.09699383591609845E+00
  4.58420388086688613E-01  3.17118353704892320E+00  1.99973418992296759E-01  3.39228213859735517E+00
  5.29698296771959232E-01  9.39342524754962827E-01  5.78355653125349267E+00  4.43054073956419447E+00
  3.81909890374632355E-01  3.24458646792483263E-01  2.96008719745964433E+00  3.19596332384185366E+00
  3.08607932839089050E-01  3.40224298667624270E+00  3.39355832406340330E+00  3.20598488153163474E+00
  4.23649157779161234E-01  5.22319678515061625E+00  5.10243576555083411E+00  6.47069165255059797E+00
  5.64404144318620404E-01  1.21300442606395720E+00  3.90189513894130757E-01  2.97796898215227035E+00
  5.80490670513443274E-01  6.25478688560337570E+00  2.46685720647530049E+00  3.04272271774611314E+00
  3.76902076901479588E-01  2.99404775042779026E+00  4.14038121862149655E+00  5.18201897336559547E+00
  5.15720700463495496E-01  1.86098155528529308E+00  1.43171976555754843E+00  3.54007872038177052E+00
  4.28056431560671025E-01  4.35938185863589656E+00  1.88022966509317824E+00  8.91801656706387114E-01
  5.91749286368603356E-01  1.68429401977452753E+00  2.25248077304479244E+00  4.71038799093738803E+00
  5.11150069422808828E-01  3.12108563691671437E+00  3.46146342830333387E+00  6.68003299500853220E+00
  3.96383251075161813E-01  5.53510429657330683E+00  2.63545670848263214E+00  3.68199351637238426E+00
  4.05674446517406473E-01  4.87373481811561415E+00  2.64994968340106674E+00  5.71939303875562643E+00
  3.08607932839089050E-01  5.64435944571774950E+00  2.36002978216111803E+00  2.40415029804398461E+00
  5.06617780002852514E-01  2.74290356094202314E+00  1.84919658307866785E+00  3.84566897685942477E+00
  5.54129086970597151E-01  5.29674009847814631E+00  3.08496844112310908E+00  2.87918621405948061E+00
  4.67051022334941945E-01  5.61941128519707167E+00  2.25743746845933257E+00  1.63384352583279235E+00
  2.99785386141821708E-01  4.45509941706848522E+00  4.73145161289306149E+00  1.07468960782708001E+00
  2.78555296554233556E-01  1.49159926623883288E+00  1.37948570681013294E+00  5.18779266826467467E+00
  2.64730453937343402E-01  1.50673935930443981E+00  6.11606633499184582E+00  4.88756408991456759E+00
  4.32438693220842718E-01  1.42074268074299681E+00  3.80783070689414416E-02  5.70509953379778523E+00
  4.01058911976384491E-01  2.81331815161724252E+00  3.29476330102300352E+00  8.55787860009996071E-01
  3.61137627255947724E-01  4.31383700728411146E+00  9.30160299335607288E-01  4.27239035887807539E+00
  4.10231171689561747E-01  2.02333279624547169E+00  3.52361738274484138E+00  4.69456232591279132E+00
  4.19212477446155474E-01  1.92121759687776406E+00  6.37928227703768957E+00  6.48566454147553184E+00
  4.28056431560671025E-01  2.97281245565803642E+00  5.88268457960584534E+00  1.75365264206166760E+00
  4.45471777578522854E-01  6.64895791953790294E+00  1.50477404019089889E+00  1.08937828718439134E+00
  5.64404144318620404E-01  5.20449464751994384E+00  4.74278929694678997E+00  3.60361929786823776E+00
  3.16615288597822842E-01  4.04781929859815026E+00  5.09489311289446256E+00  1.36099495861467767E+00
  5.80490670513443274E-01  5.27411349492962511E+00  8.21405560797672796E-01  6.52660550557564623E+00
  2.14322779410510394E-01  3.13460070888938347E-01  6.40001805114206235E+00  4.12478777160211951E+00
  3.37575933792008509E-01  1.03251392275451193E+00  5.55643899379708817E+00  5.26236421079770533E+00
  3.71781505092813103E-01  6.47948374998067500E+00  5.08484983641907018E+00  6.06875342759065095E+00
  4.80063103612331954E-01  3.35246422383528975E+00  2.60691529336130889E+00  6.23422526372884533E+00
  2.89926324498661514E-01  4.35069266352336026E+00  6.33721527237531479E+00  4.93310512220897568E+00
  3.49822487141294602E-01  5.45055977438471917E+00  3.28994920719049455E+00  3.82486026329224238E-01
  5.59225941233592594E-01  6.29412691400233548E+00  3.94444253004211465E+00  4.92151117701258034E+00
  3.86818426119931114E-01  6.83931797928188034E-01  1.41739508783757318E+00  1.34838792492136483E+00
  4.93220738472549158E-01  2.88134096529175388E+00  3.80874170791747013E-01  5.00414702015537394E+00
  5.75027356379647192E-01  2.20860871504184253E+00  5.94625650801295791E+00  1.10697925958157484E+00
  5.29698296771959232E-01  6.67546608599389213E+00  3.79539646762173488E+00  3.15016192541206541E+00
  2.64730453937343402E-01  6.09878519628269711E+00  5.30260778579049674E+00  4.51778568975022399E+00
  5.44158343748334383E-01  3.82640408731100212E+00  3.81758924398079547E+00  2.34297916381368010E+00
  2.89926324498661514E-01  2.92413729549281820E+00  4.96047255704883039E+00  1.72902728609627498E+00
  5.11150069422808828E-01  3.21490043271609816E+00  5.24139885811884199E+00  6.74484412655384347E+00
  3.61137627255947724E-01  5.97930168974933984E+00  1.62431224563391829E+00  3.42275428735891829E+00
  4.36799992478945909E-01  3.61501230494990011E+00  4.90297634579911001E+00  1.94710942417174526E+00
  5.39277054206551698E-01  5.99976066087612558E+00  7.16258884886019298E-01  3.77762497969019462E+00
  2.78555296554233556E-01  1.74175497057465756E+00  1.96529364405916551E+00  2.96391187129329969E+00
  4.28056431560671025E-01  2.35285179541538936E+00  6.43095401166726877E+00  1.97321867744308155E+00
  5.02120514290034237E-01  5.66635997847341599E+00  2.27729680025097991E+00  5.06446726951176984E+00
  4.62733810730875383E-01  1.50256843931538953E+00  2.17043418739149052E+00  1.06583961308728203E+00
  3.16615288597822842E-01  3.64068478275972085E+00  5.52601422615702731E+00  6.43882902818661007E-01
  3.30997587999695309E-01  4.88909325702254804E+00  2.08159863802106360E+00  3.84363453315877623E-01
  4.80063103612331954E-01  3.90716917958048437E+00  1.20473450303984908E+00  4.95572644607869250E+00
  3.30997587999695309E-01  2.48026356423052352E+00  5.10574353622684640E+00  3.82386005532953432E-01
  5.49108239936929698E-01  4.38897640974489534E+00  1.24176836850114625E+00  5.96452915183242638E+00
  4.67051022334941945E-01  5.65315901795336373E+00  5.65641485774496378E+00  3.43697024574816767E+00
  3.61137627255947724E-01  3.10321436200781120E+00  4.47825784503699964E+00  9.72447353687310945E-01
  5.91749286368603356E-01  2.08577384217985662E+00  1.11962930771188351E+00  4.57854833658137661E+00
  5.02120514290034237E-01  5.62341700859321936E+00  2.58663417009470731E+00  6.22756383382482426E+00
  5.11150069422808828E-01  4.45720775388732449E+00  3.53383387178509256E+00  1.43414936695351658E+00
  5.86062212635089952E-01  1.92716202580591212E+00  2.53038937219974391E+00  3.59180522359703946E+00
  5.80490670513443274E-01  3.45090250099456375E+00  5.68837275832143430E+00  4.34995735498991998E+00
  5.44158343748334383E-01  9.82636867885735454E-01  1.38186110322348310E+00  4.51045639526625841E+00
  5.44158343748334383E-01  2.77861402320253248E-01  2.70256578396570413E-01  3.56111383368685352E+00
  4.54107542322554236E-01  5.18208770747595793E+00  1.39559946320307038E+00  6.31038367001581557E-01
  4.14741582532007880E-01  1.47502805954454796E+00  1.31523386916975937E+00  1.26788368014892217E+00
  2.89926324498661514E-01  6.26393640881858627E+00  6.68564113588142206E+00  6.55300021411540357E+00
  5.80490670513443274E-01  4.56809319671758374E+00  5.46657429263299566E+00  6.03356874095621221E-01
  4.19212477446155474E-01  1.03067120198682760E+00  6.63484339018836966E+00  4.02141337407063837E+00
  3.81909890374632355E-01  2.33232817908136569E+00  4.26142199921030596E+00  1.35714833730381379E+00
  5.64404144318620404E-01  1.78376156353143700E+00  4.92747222758366688E-01  2.00951989393096397E+00
  5.54129086970597151E-01  5.12722385847487150E+00  6.22109129954570772E+00  5.24842041823659944E+00
  3.91639445074813297E-01  2.17853177433490774E+00  1.99996490476374045E+00  6.33655470919402486E+00
  4.36799992478945909E-01  5.71396951250686325E+00  3.97672877183077356E+00  3.05433535882301843E+00
  3.49822487141294602E-01  2.09398931857318926E+00  5.59109853843851834E+00  3.53298434307809917E+00
  4.19212477446155474E-01  3.77089072274251125E+00  7.34342059459551444E-01  3.74711900718653679E+00
  4.75713279310277237E-01  1.86353247774688668E+00  4.83990426884757152E+00  5.72399305664888036E+00
  4.14741582532007880E-01  2.27342584771681500E+00  4.41572361004458180E+00  5.77464593716540575E-01
  5.44158343748334383E-01  5.29526704694149242E+00  5.33880581209163640E+00  4.61630650643186602E+00
  5.34458872568623455E-01  6.76766306164986342E-01  7.92415320138264434E-02  2.07057225335334438E+00
  4.93220738472549158E-01  6.07320148001964366E+00  1.27993720964779278E+00  3.26886489358513721E-01
  2.14322779410510394E-01  8.41893836646117388E-01  5.80491983453947746E+00  2.47121048580797842E+00
  5.86062212635089952E-01  1.85094522156910912E-01  5.76108587369684422E+00  5.56742550396588332E+00
  5.24991069551568490E-01  6.42097650350205562E+00  2.17090605693916228E+00  6.72854621561797384E+00
  3.86818426119931114E-01  3.07901964251904614E+00  1.87852715527733882E+00  2.72600977457036286E+00
  3.49822487141294602E-01  3.44611071239409172E+00  1.18126440619506679E+00  5.04177408795668081E-01
  2.46370760027530694E-01  6.45900337343060915E+00  9.10860570727289431E-01  2.21855999495389966E+00
  4.45471777578522854E-01  1.76091008748440903E+00  3.64917569811055431E+00  6.53974873831094961E+00
  3.61137627255947724E-01  9.06880255423513026E-01  5.35929021449229381E+00  1.28266572169128096E-01
  3.81909890374632355E-01  6.67556584138298881E+00  3.84173846658562423E+00  1.45559562561725392E-01
  4.49792344455842874E-01  2.67686323273876248E+00  5.25740313047626717E+00  5.94851110185248366E+00
  3.43844632468353784E-01  2.78818506499093832E+00  2.57312753982736897E+00  1.77114031116045245E+00
  5.15720700463495496E-01  4.32823525837194190E+00  2.72867222483024474E-01  6.44837756160949205E+00
  4.05674446517406473E-01  2.00913112317192910E+00  3.61163302882361448E+00  2.88478485996473344E+00
  3.91639445074813297E-01  5.28082860885403438E+00  3.56110205433629767E+00  6.43113515867451557E+00
  4.19212477446155474E-01  2.06176298535424252E+00  2.84741867966888185E+00  9.66182696625655146E-01
  5.49108239936929698E-01  5.37222286394116733E+00  3.79544883343174355E+00  2.02288446186834348E+00
  4.32438693220842718E-01  4.78456427817227503E+00  2.93002592367229919E+00  3.87387254242819346E+00
  5.49108239936929698E-01  1.79442156110057938E+00  5.43840845991533683E+00  6.69361016084130345E+00
  5.15720700463495496E-01  2.83925627414608917E+00  2.34432396404329779E+00  5.40326840784285523E+00
  2.89926324498661514E-01  5.27457849805488088E+00  2.08083991470194851E+00  5.72585637452986607E+00
  5.34458872568623455E-01  2.56278195721522906E+00  5.54545065485848720E+00  5.01265203399792370E+00
  4.84429066430730915E-01  2.86808536261625280E+00  3.60359933598215809E+00  2.64937646176905606E+00
  4.67051022334941945E-01  5.99296452374663513E+00  3.25548450028741276E-01  3.99556972455774317E-01
  5.49108239936929698E-01  4.57938128938425892E-01  4.59771361969264092E+00  2.62693486562111644E+00
  4.41142703402056136E-01  1.70463605722761535E-01  8.07126346917511950E-01  1.66355410983239449E+00
  4.23649157779161234E-01  6.40950517290995858E+00  6.62787722025521919E+00  4.39271666623663393E+00
  4.23649157779161234E-01  4.72841281210637732E-01  5.98658666871826650E+00  3.12759306784098357E-01
  4.14741582532007880E-01  3.00070481684059143E+00  4.27304658604792831E+00  3.23489573237065287E+00
  4.97655099191040562E-01  6.24947739013198067E+00  4.28341403704504664E+00  2.35108665729331179E+00
  3.37575933792008509E-01  4.94488561850114738E+00  1.60139947457661691E-01  4.71420941614388056E+00
  4.97655099191040562E-01  5.25558433169796846E+00  6.53210153791992898E+00  6.24494519873718357E+00
  3.55575626152149271E-01  1.20583430928472368E+00  6.24550370346935235E+00  2.49077632615612998E-03
  5.44158343748334383E-01  4.31234999394640628E+00  5.51154866378186181E+00  5.05096240429786913E+00
  5.86062212635089952E-01  2.10297956811787623E+00  1.51913207311247933E+00  5.04389611709694985E-01
  4.67051022334941945E-01  3.02493090520661889E+00  1.39201317086265175E+00  5.24687018524955828E+00
  5.44158343748334383E-01  4.74456630924051925E+00  4.03442225409666388E+00  2.88551525811694676E+00
  2.46370760027530694E-01  5.05715487765219596E+00  5.69785237776254938E+00  6.72918630010330432E+00
  3.16615288597822842E-01  1.85158820024806303E+00  1.80534766675880265E+00  1.65966343161512087E+00
  5.86062212635089952E-01  2.24200144041694571E+00  4.54405551737170565E+00  2.63735462166565515E+00
  4.71376829571238165E-01  5.66126216660933945E+00  5.62627469685404069E+00  5.89121219569645760E+00
  3.96383251075161813E-01  2.24401909103239827E+00  6.73383138199784792E+00  5.78385595316169354E+00
  3.24058750641704252E-01  3.94858679367826815E+00  4.94765575791988788E+00  4.49812865751736535E+00
  5.59225941233592594E-01  6.16274861564315657E+00  4.00013707472920910E+00  6.03079259288747238E+00
  5.54129086970597151E-01  5.53314653481435936E+00  3.29183113490675749E+00  5.44619040657890263E+00
  4.80063103612331954E-01  1.36462453501894765E+00  6.50892322029694537E+00  1.39725793019113032E+00
  4.14741582532007880E-01  9.16846022499564928E-01  6.33809831008868585E+00  5.19495691300365880E+00
  2.46370760027530694E-01  4.39328611303533290E+00  2.37172756918339900E+00  1.88427711910805901E-01
  4.32438693220842718E-01  7.96608941637885093E-01  4.03074882586958871E+00  1.74803091419949364E+00
  5.69669339224686877E-01  6.45733405244489522E-01  7.45323689759223251E-01  5.49548768728763370E+00
  5.54129086970597151E-01  1.84127384637689584E+00  5.82204178339551626E-01  6.66088380055068541E+00
  5.20333150277951795E-01  1.14468965094398767E+00  4.73703170599652879E+00  5.03381600832219789E+00
  4.93220738472549158E-01  6.68452081222185512E+00  6.12535862674374343E+00  1.99225230526671981E+00
  4.88813983084759374E-01  5.89303907793342585E+00  4.74078446581188206E+00  1.55302392958835767E+00
  4.71376829571238165E-01  4.71052363720201672E+00  5.55999566635204623E+00  1.85284337417289802E+00
  5.15720700463495496E-01  2.18365664018721306E+00  5.51329804940933066E+00  2.11655985568048033E+00
  2.64730453937343402E-01  6.30045213637359147E+00  1.33458757614774370E+00  4.19435335270729670E+00
  4.05674446517406473E-01  5.26726889319760794E+00  4.32167087920309090E+00  6.19115118964652122E+00
  5.20333150277951795E-01  3.43998815436608885E+00  2.01711364401991622E+00  4.60502128586285853E+00
  3.91639445074813297E-01  1.45250836351689649E+00  4.80582762538359543E+00  4.17800656836410322E+00
  2.46370760027530694E-01  2.68805378638792813E+00  2.75571287184932379E+00  1.20419058566960469E+00
  2.89926324498661514E-01  7.38996378618418936E-01  6.01048704612426121E+00  2.00768119745358042E+00
  4.71376829571238165E-01  6.63629746256843145E+00  4.25778788849422440E-02  5.24256722476376424E+00
  5.59225941233592594E-01  2.65859356790887613E+00  2.79878389069944822E+00  4.43161656905719159E+00
  4.75713279310277237E-01  3.51201493013541377E+00  1.15939849277726448E+00  2.93938553662000590E+00
  2.14322779410510394E-01  2.05734757305710225E+00  1.84882206761510259E+00  4.11441863713803269E+00
  3.37575933792008509E-01  3.60772197680770601E+00  5.12679779118755530E+00  2.79058799381385958E+00
  5.91749286368603356E-01  2.19952972716908235E+00  4.50778022271521728E+00  4.76663515562647522E+00
  3.61137627255947724E-01  5.15849245638028897E+00  5.10542781569268289E+00  1.31825659441158494E+00
  4.93220738472549158E-01  5.00342192650844542E+00  5.25311671207512210E-01  3.97025536728593842E+00
  5.39277054206551698E-01  4.68030834901369985E+00  1.91202037408872294E+00  5.15804740362620695E+00
  4.05674446517406473E-01  6.88209169353463518E-02  1.32255570770379999E-01  1.98467865447298414E-01
  5.06617780002852514E-01  2.31031746087049461E+00  2.78588067876404466E+00  2.60082281718055297E+00
  2.99785386141821708E-01  2.36427739035307916E+00  4.78541420157448005E+00  1.79380003941827115E+00
  4.93220738472549158E-01  3.68349526405601768E+00  4.18851891670147491E+00  5.79764516603466262E+00
  4.28056431560671025E-01  4.25740126079203218E+00  3.67172763952065218E-01  4.98009889383421811E+00
  2.78555296554233556E-01  6.14577120058785820E+00  5.15427449804340299E-01  6.44616476838810470E+00
  4.88813983084759374E-01  1.29607114233909981E+00  5.57620696233548330E+00  1.65046262488133300E+00
  4.36799992478945909E-01  6.06789164320083518E+00  1.44897303059878091E+00  4.84632354854883474E+00
  4.93220738472549158E-01  1.09957506627356771E+00  1.97415388728529506E+00  1.91023884126570476E+00
  2.99785386141821708E-01  5.90663179571049568E+00  6.56030258510505426E+00  5.33137732013986909E+00
  5.24991069551568490E-01  4.06683257179444713E+00  3.30702224274838663E+00  6.13625469209135854E+00
  5.75027356379647192E-01  1.22834065684203811E-01  1.38155136129407707E+00  3.56618503013519028E+00
  4.58420388086688613E-01  4.77732183012568967E+00  3.49862896552067326E+00  4.55958526557020427E+00
  3.76902076901479588E-01  6.47097349279427903E+00  1.44894622080754520E+00  2.70479346199598769E+00
  5.29698296771959232E-01  3.46616269559546852E+00  2.57981802518829006E+00  3.71154774656075848E+00
  4.88813983084759374E-01  1.48578617091520737E+00  4.20393712147902843E+00  1.16140069613079655E+00
  4.49792344455842874E-01  4.29095761111031493E+00  2.44511963530156118E+00  4.42129211454502702E+00
  5.34458872568623455E-01  1.27689124942659027E+00  3.88903687808771537E+00  4.24448510950282820E+00
  5.91749286368603356E-01  3.67717458884561132E+00  6.04088053778404444E+00  3.25506163772069845E+00
  3.86818426119931114E-01  3.75432750991164443E+00  4.96619545501279713E+00  3.48290079361908633E+00
  3.96383251075161813E-01  4.05098082264282677E+00  3.29003410872859048E+00  4.01212370467328761E+00
  3.08607932839089050E-01  3.33904283756558007E+00  6.49105787895121900E+00  3.98380562009214856E+00
  3.91639445074813297E-01  9.40521598783591539E-01  6.13372615970866963E+00  6.06385551343987661E+00
  3.86818426119931114E-01  1.41405764481634916E-01  3.71867135666415027E+00  2.12809350258169605E+00
  3.76902076901479588E-01  6.61086320105939773E+00  2.58498027400056651E+00  7.56133613607381294E-01
  5.15720700463495496E-01  6.67556768871834638E+00  3.15579060819950818E+00  3.97708524648060946E+00
  4.84429066430730915E-01  9.92520856397618223E-01  2.80361646160337141E+00  4.03698066123790777E+00
  5.20333150277951795E-01  1.35638630663255988E+00  3.08194053515376432E-01  4.79365215290652458E+00
  3.66532661804007787E-01  7.93413244166707332E-01  6.27508555232352805E+00  2.85660707405037817E+00
  3.71781505092813103E-01  2.83254136266451706E+00  3.98944511616449526E+00  6.03385123854134786E+00
  4.88813983084759374E-01  5.69157126720519457E+00  6.63938099212820454E+00  2.41842556988984558E+00
  5.39277054206551698E-01  2.75571833716968806E-01  4.52553811597068201E+00  5.60182781978569722E+00
  5.24991069551568490E-01  5.71166228654718111E+00  3.20347334676386275E+00  4.38560436362159045E+00
  4.10231171689561747E-01  1.21330765300463037E-01  8.44900286491642727E-01  5.92373603573222440E-01
  4.97655099191040562E-01  2.25389053310935589E-01  5.08733071715618035E+00  4.69023166241119238E+00
  4.41142703402056136E-01  1.83891810481153195E+00  2.55435338244194154E+00  1.81187953867402118E+00
  5.86062212635089952E-01  3.82279675409910880E+00  3.86168646703316876E+00  4.77849814794016492E+00
  3.30997587999695309E-01  5.75493160331789966E+00  2.76284801383604828E+00  1.03124416998935997E+00
  4.88813983084759374E-01  1.48667949535768673E+00  4.41280063703930292E+00  3.39079946295621459E+00
  5.39277054206551698E-01  1.11382586617614510E+00  2.46947041076310247E+00  2.81630471394051973E+00
  5.15720700463495496E-01  5.67228727167196389E+00  5.71179881175256199E+00  1.68921195638503829E+00
  5.69669339224686877E-01  6.44947969020335332E+00  1.87356032436735087E+00  5.67536426160382756E+00
  4.71376829571238165E-01  3.93797980637257439E+00  8.94548984081669607E-01  2.13605520487969702E+00
  5.91749286368603356E-01  3.28894308628123122E+00  3.98485235279339989E-02  2.15799468374701675E+00
  4.01058911976384491E-01  9.19065236057859114E-02  6.56893177057461397E+00  2.75241370967157284E+00
  3.55575626152149271E-01  5.77904251880807074E+00  1.74605816252251356E+00  6.30057595989967023E+00
  5.02120514290034237E-01  3.15271123696587452E+00  1.07180892314850462E+00  4.34108463679728107E+00
  3.08607932839089050E-01  3.77891712951518999E+00  5.69698227053812900E-01  4.45685476477635500E+00
  4.10231171689561747E-01  6.50286382864196177E+00  2.58137423689031920E-01  2.16175996683050942E+00
  5.75027356379647192E-01  6.18210663707089991E-01  2.44864803556801069E+00  6.24552729693827757E+00
  3.24058750641704252E-01  3.47790590547863321E+00  4.95137619624045655E+00  6.00708448398101513E+00
  2.46370760027530694E-01  4.09043939659434663E+00  4.59309512822926980E+00  5.32878248375743713E+00
  3.86818426119931114E-01  5.19938995210871635E+00  1.47101395985852618E-02  3.44887794739171472E-01
  3.71781505092813103E-01  2.77985224431156341E+00  3.70448500719500018E+00  4.61210127878146459E+00
  4.97655099191040562E-01  1.92749288384850237E+00  6.00488360519839848E+00  4.25358280567738856E+00
  5.80490670513443274E-01  5.73881612663462004E+00  5.16354752949354534E+00  5.78973077917465329E-01
  2.78555296554233556E-01  2.20908432287731982E+00  6.65489525977674745E-01  3.45062967224344463E+00
  3.91639445074813297E-01  3.54869985716149072E+00  5.65451097893778254E+00  2.29057104647253373E+00
  5.64404144318620404E-01  5.82139454140842005E-02  7.70266514040293226E-01  4.52580555263369444E+00
  4.36799992478945909E-01  8.42758501943134397E-02  3.03889401276330551E+00  1.19089691181472723E-01
  3.55575626152149271E-01  4.73072126784720748E+00  6.24000316469481398E+00  1.00963506677971410E-01
  4.80063103612331954E-01  2.69438634984939274E+00  6.16578399978302460E+00  3.66522943767831721E+00
  5.54129086970597151E-01  1.76031118279574517E+00  5.86348346744527227E+00  5.67612172251031755E+00
  4.14741582532007880E-01  6.72135065273978594E+00  5.31565674335389104E+00  3.93021344121008920E-01
  5.75027356379647192E-01  4.59548231730970702E+00  9.08148083149245666E-01  1.32217517106889493E+00
  4.62733810730875383E-01  5.36136127092977155E+00  6.09916246455196731E+00  8.46183869049282000E-01
  4.14741582532007880E-01  6.40760862368306228E+00  5.16322792202478187E+00  2.16810307481836517E+00
  5.59225941233592594E-01  4.52775757827171965E+00  1.21087495916979537E+00  3.32871853315952482E+00
  5.06617780002852514E-01  4.82859078425422084E+00  2.41215646290552677E+00  2.18120675700456612E+00
  3.16615288597822842E-01  1.29343311828787755E+00  4.37182838462630219E+00  2.60980210630764686E+00
  5.69669339224686877E-01  3.18040458907133905E+00  4.58829823736752562E+00  4.15001968808111688E+00
  4.28056431560671025E-01  1.74020981093332283E+00  5.09554771608835733E+00  8.55794089687364479E-01
  5.06617780002852514E-01  1.49915260537106021E+00  6.18326344198616606E+00  3.36284076951633271E+00
